1517FF150001E804 // 21, 23, -1, 21, 0, 1, -24, 4,
051F0CDB0226F529 // 5, 31, 12, -37, 2, 38, -11, 41,
A090B6999C819681 // -96, -112, -74, -103, -100, -127, -106, -127,
B38181879D818199 // -77, -127, -127, -121, -99, -127, -127, -103,
FF1BF206FB0203E0 // -1, 27, -14, 6, -5, 2, 3, -32,
FCFFF405FEFCFB28 // -4, -1, -12, 5, -2, -4, -5, 40,
260017E3DFEAA5E3 // 38, 0, 23, -29, -33, -22, -91, -29,
E0F40A989AFAF386 // -32, -12, 10, -104, -102, -6, -13, -122,
062205FD011AD8FA // 6, 34, 5, -3, 1, 26, -40, -6,
29FDEDFFE510F504 // 41, -3, -19, -1, -27, 16, -11, 4,
372BF711F9FC06EE // 55, 43, -9, 17, -7, -4, 6, -18,
11FE051B000000ED // 17, -2, 5, 27, 0, 0, 0, -19,
F103AA1AF998ECE5 // -15, 3, -86, 26, -7, -104, -20, -27,
C7ED24F0DFB413AC // -57, -19, 36, -16, -33, -76, 19, -84,
828188818E4E29BF // -126, -127, -120, -127, -114, 78, 41, -65,
81D5E5EEDE8DD685 // -127, -43, -27, -18, -34, -115, -42, -123,
DCA2DC4C32C31702 // -36, -94, -36, 76, 50, -61, 23, 2,
F5121C02C31515A3 // -11, 18, 28, 2, -61, 21, 21, -93,
7FEC3BEA399ED66A // 127, -20, 59, -22, 57, -98, -42, 106,
C6DBA8C0BDC43281 // -58, -37, -88, -64, -67, -60, 50, -127,
DD910A4E930BEA14 // -35, -111, 10, 78, -109, 11, -22, 20,
F0C3263A46D35F1B // -16, -61, 38, 58, 70, -45, 95, 27,
7F033E22C75C9EB0 // 127, 3, 62, 34, -57, 92, -98, -80,
22F91881AA01E0EA // 34, -7, 24, -127, -86, 1, -32, -22,
C77F7FB27F31AA09 // -57, 127, 127, -78, 127, 49, -86, 9,
ED5CB75925D0CBE7 // -19, 92, -73, 89, 37, -48, -53, -25,
D76AF6117FEC7FE8 // -41, 106, -10, 17, 127, -20, 127, -24,
7F716B7F81818127 // 127, 113, 107, 127, -127, -127, -127, 39,
B8B653F2B9A14CEF // -72, -74, 83, -14, -71, -95, 76, -17,
CC3F207F3381F381 // -52, 63, 32, 127, 51, -127, -13, -127,
AC7F1AF3DD1F36FF // -84, 127, 26, -13, -35, 31, 54, -1,
7F2F8D1C74AC13C3 // 127, 47, -115, 28, 116, -84, 19, -61,
F7A34211D9FEA02D // -9, -93, 66, 17, -39, -2, -96, 45,
BFF9F25D1FD718EE // -65, -7, -14, 93, 31, -41, 24, -18,
A30C31F2C71D0666 // -93, 12, 49, -14, -57, 29, 6, 102,
4F8183F9FB7E7FF8 // 79, -127, -125, -7, -5, 126, 127, -8,
07E157FE5B41102A // 7, -31, 87, -2, 91, 65, 16, 42,
4119FFCBF4022B00 // 65, 25, -1, -53, -12, 2, 43, 0,
8B015DED629FF1BA // -117, 1, 93, -19, 98, -97, -15, -70,
81A0D2D6909099FD // -127, -96, -46, -42, -112, -112, -103, -3,
07F20B2F36BBD249 // 7, -14, 11, 47, 54, -69, -46, 73,
09062A0BFC1D08E9 // 9, 6, 42, 11, -4, 29, 8, -23,
15076F727C7F98ED // 21, 7, 111, 114, 124, 127, -104, -19,
6081FA04817FB2C0 // 96, -127, -6, 4, -127, 127, -78, -64,
05E4CF047F777E57 // 5, -28, -49, 4, 127, 119, 126, 87,
7F8170C87F6D746F // 127, -127, 112, -56, 127, 109, 116, 111,
65B9AB3DF9C8FCE6 // 101, -71, -85, 61, -7, -56, -4, -26,
A79713C4F82DED2A // -89, -105, 19, -60, -8, 45, -19, 42,
0000000000000000 // 0, 0, 0, 0, 0, 0, 0, 0,
0000000000000000 // 0, 0, 0, 0, 0, 0, 0, 0,
0000000000000000 // 0, 0, 0, 0, 0, 0, 0, 0,
0000000000000000 // 0, 0, 0, 0, 0, 0, 0, 0,
0000000000000000 // 0, 0, 0, 0, 0, 0, 0, 0,
0000000000000000 // 0, 0, 0, 0, 0, 0, 0, 0,
E5C4E315E3320200 // -27, -60, -29, 21, -29, 50, 2, 0,
11D916074A2D27EF // 17, -39, 22, 7, 74, 45, 39, -17,
F53446F63EF4BA82 // -11, 52, 70, -10, 62, -12, -70, -126,
D1704470C21FDAE0 // -47, 112, 68, 112, -62, 31, -38, -32,
D8DBC53609F21006 // -40, -37, -59, 54, 9, -14, 16, 6,
F800FA0007FCECCE // -8, 0, -6, 0, 7, -4, -20, -50,
1A7CDD23BE304221 // 26, 124, -35, 35, -66, 48, 66, 33,
9A0AEA03E313BA0C // -102, 10, -22, 3, -29, 19, -70, 12,
A8A7A5C4C331050F // -88, -89, -91, -60, -61, 49, 5, 15,
EEB03FFFF198D981 // -18, -80, 63, -1, -15, -104, -39, -127,
B5EDD9AAEF0009DF // -75, -19, -39, -86, -17, 0, 9, -33,
F7FA0AF440FF1647 // -9, -6, 10, -12, 64, -1, 22, 71,
100EF5C104FA560D // 16, 14, -11, -63, 4, -6, 86, 13,
0431F9F9FF1004E6 // 4, 49, -7, -7, -1, 16, 4, -26,
F9FBC714DBF4F6D6 // -7, -5, -57, 20, -37, -12, -10, -42,
7CB94DC353473C55 // 124, -71, 77, -61, 83, 71, 60, 85,
FF06CD1B022D16F9 // -1, 6, -51, 27, 2, 45, 22, -7,
0B02E5F0EC6A33D6 // 11, 2, -27, -16, -20, 106, 51, -42,
EEEDEC2203D313B1 // -18, -19, -20, 34, 3, -45, 19, -79,
57C554CB0EC7EEA9 // 87, -59, 84, -53, 14, -57, -18, -87,
87D336F9C7F0CA84 // -121, -45, 54, -7, -57, -16, -54, -124,
DF3E1F363BEAD4FA // -33, 62, 31, 54, 59, -22, -44, -6,
1ADA42192C35FC22 // 26, -38, 66, 25, 44, 53, -4, 34,
1EB10007202016CA // 30, -79, 0, 7, 32, 32, 22, -54,
03F229F035081EF9 // 3, -14, 41, -16, 53, 8, 30, -7,
D4F54FC80D1164A5 // -44, -11, 79, -56, 13, 17, 100, -91,
9CF7BF34D143D225 // -100, -9, -65, 52, -47, 67, -46, 37,
F2C3AA22A6810ED6 // -14, -61, -86, 34, -90, -127, 14, -42,
1CDEFB2504902D16 // 28, -34, -5, 37, 4, -112, 45, 22,
F018CB0132F0EACF // -16, 24, -53, 1, 50, -16, -22, -49,
B13B5B47F32A1602 // -79, 59, 91, 71, -13, 42, 22, 2,
297FBA4B4255D7EA // 41, 127, -70, 75, 66, 85, -41, -22,
211001D6FBA5C629 // 33, 16, 1, -42, -5, -91, -58, 41,
39177F58E68AEF09 // 57, 23, 127, 88, -26, -118, -17, 9,
21EC1F03D8DF16CB // 33, -20, 31, 3, -40, -33, 22, -53,
AF7201E1028115CF // -81, 114, 1, -31, 2, -127, 21, -49,
0336D61D22EEA905 // 3, 54, -42, 29, 34, -18, -87, 5,
C45A3B00F7C83EDC // -60, 90, 59, 0, -9, -56, 62, -36,
7768FABFDD324649 // 119, 104, -6, -65, -35, 50, 70, 73,
5FD10315C0EFDF2E // 95, -47, 3, 21, -64, -17, -33, 46,
DF16161337FDC452 // -33, 22, 22, 19, 55, -3, -60, 82,
D60BD517E815E109 // -42, 11, -43, 23, -24, 21, -31, 9,
FCEBE4381ED0EB4A // -4, -21, -28, 56, 30, -48, -21, 74,
1CE893FF826B269B // 28, -24, -109, -1, -126, 107, 38, -101,
7BB6130337F22933 // 123, -74, 19, 3, 55, -14, 41, 51,
4C2A362008E57449 // 76, 42, 54, 32, 8, -27, 116, 73,
36DF3FA42AF9101B // 54, -33, 63, -92, 42, -7, 16, 27,
E7134615CDFBC326 // -25, 19, 70, 21, -51, -5, -61, 38,
D2CEF2BFD2081A13 // -46, -50, -14, -65, -46, 8, 26, 19,
F0CD09250B04AC14 // -16, -51, 9, 37, 11, 4, -84, 20,
64C11FFF2FE551BE // 100, -63, 31, -1, 47, -27, 81, -66,
1D81FDB6FCE0B839 // 29, -127, -3, -74, -4, -32, -72, 57,
EDF0E1071F0DF62A // -19, -16, -31, 7, 31, 13, -10, 42,
112A4EF2C4D51271 // 17, 42, 78, -14, -60, -43, 18, 113,
CF54FBD1EC74153D // -49, 84, -5, -47, -20, 116, 21, 61,
EB32E61640E0BC63 // -21, 50, -26, 22, 64, -32, -68, 99,
F7280CEE1EDEEEB7 // -9, 40, 12, -18, 30, -34, -18, -73,
135A3705EE7FF4F6 // 19, 90, 55, 5, -18, 127, -12, -10,
CAF1FD1891B30DC4 // -54, -15, -3, 24, -111, -77, 13, -60,
F86A55C64D89EA1A // -8, 106, 85, -58, 77, -119, -22, 26,
58A4C7227453082A // 88, -92, -57, 34, 116, 83, 8, 42,
4EE927C1F87C5EEC // 78, -23, 39, -63, -8, 124, 94, -20,
18CF13EB81E912CD // 24, -49, 19, -21, -127, -23, 18, -51,
26BB10E1027FD044 // 38, -69, 16, -31, 2, 127, -48, 68,
27D21949F5D621F9 // 39, -46, 25, 73, -11, -42, 33, -7,
CA02B9EAEDC50FEB // -54, 2, -71, -22, -19, -59, 15, -21,
D4D90126DB7FF3DB // -44, -39, 1, 38, -37, 127, -13, -37,
30133BF19C229F7F // 48, 19, 59, -15, -100, 34, -97, 127,
1A47DC8960ED37AF // 26, 71, -36, -119, 96, -19, 55, -81,
0B341DB9C834B91B // 11, 52, 29, -71, -56, 52, -71, 27,
C31AC403EAEBC9F1 // -61, 26, -60, 3, -22, -21, -55, -15,
1A0BF8FFF7122B47 // 26, 11, -8, -1, -9, 18, 43, 71,
F36FE531F5EAD12F // -13, 111, -27, 49, -11, -22, -47, 47,
CC2E1A28E0E71BE6 // -52, 46, 26, 40, -32, -25, 27, -26,
1D0138D7E7FEEE26 // 29, 1, 56, -41, -25, -2, -18, 38,
28B9EA0AE9E9EDF7 // 40, -71, -22, 10, -23, -23, -19, -9,
B7DC2ED7E1D8D910 // -73, -36, 46, -41, -31, -40, -39, 16,
B91CDD0329E43AF6 // -71, 28, -35, 3, 41, -28, 58, -10,
2DAF083D2AD83D0A // 45, -81, 8, 61, 42, -40, 61, 10,
4DE765E8076F113E // 77, -25, 101, -24, 7, 111, 17, 62,
0E3618324D1D26D7 // 14, 54, 24, 50, 77, 29, 38, -41,
AE08412F1610EE21 // -82, 8, 65, 47, 22, 16, -18, 33,
22900EF200F8F005 // 34, -112, 14, -14, 0, -8, -16, 5,
DC0FD711F801F8BC // -36, 15, -41, 17, -8, 1, -8, -68,
F68BB03628D00314 // -10, -117, -80, 54, 40, -48, 3, 20,
CD71DB0DBBFA3333 // -51, 113, -37, 13, -69, -6, 51, 51,
124911A2E2020F39 // 18, 73, 17, -94, -30, 2, 15, 57,
343687EDA51FF5DB // 52, 54, -121, -19, -91, 31, -11, -37,
11E6F2DFDEBE0113 // 17, -26, -14, -33, -34, -66, 1, 19,
BFBEDD28243EF5D1 // -65, -66, -35, 40, 36, 62, -11, -47,
FA4D60CFC9F118D6 // -6, 77, 96, -49, -55, -15, 24, -42,
2A99E0E9021C04EB // 42, -103, -32, -23, 2, 28, 4, -21,
EA1DDA22031EDB29 // -22, 29, -38, 34, 3, 30, -37, 41,
5D7F87190D1CF6EF // 93, 127, -121, 25, 13, 28, -10, -17,
35E90AE732F10A2A // 53, -23, 10, -25, 50, -15, 10, 42,
CDEB13F7DE0EF8B3 // -51, -21, 19, -9, -34, 14, -8, -77,
F8EC14E3072322D1 // -8, -20, 20, -29, 7, 35, 34, -47,
0D081F1C3600D9F4 // 13, 8, 31, 28, 54, 0, -39, -12,
F0E1C623E3A28D11 // -16, -31, -58, 35, -29, -94, -115, 17,
99D4BCB581EB2C9E // -103, -44, -68, -75, -127, -21, 44, -98,
14F6D401F5FDEA13 // 20, -10, -44, 1, -11, -3, -22, 19,
FFFF071B1DEB16FB // -1, -1, 7, 27, 29, -21, 22, -5,
DF3154F8EDDAC62E // -33, 49, 84, -8, -19, -38, -58, 46,
130E59422ADC4233 // 19, 14, 89, 66, 42, -36, 66, 51,
0BA91BEBC9161A05 // 11, -87, 27, -21, -55, 22, 26, 5,
12FFF1F9083ADEB0 // 18, -1, -15, -7, 8, 58, -34, -80,
FDDE96F23812DEEB // -3, -34, -106, -14, 56, 18, -34, -21,
FDF06C142BBA3EB9 // -3, -16, 108, 20, 43, -70, 62, -71,
298F40886BF526DF // 41, -113, 64, -120, 107, -11, 38, -33,
B0FBC0E78F6EDBD5 // -80, -5, -64, -25, -113, 110, -37, -43,
DC4D33A2D538F4DA // -36, 77, 51, -94, -43, 56, -12, -38,
084F042422B6D3BB // 8, 79, 4, 36, 34, -74, -45, -69,
26DBE8E21B130C29 // 38, -37, -24, -30, 27, 19, 12, 41,
F2029EFC0825CA04 // -14, 2, -98, -4, 8, 37, -54, 4,
120DCFCC0F2B67FC // 18, 13, -49, -52, 15, 43, 103, -4,
0E1A140BD1383D45 // 14, 26, 20, 11, -47, 56, 61, 69,
10FF01042A4457EF // 16, -1, 1, 4, 42, 68, 87, -17,
DF18EE09FA2F323F // -33, 24, -18, 9, -6, 47, 50, 63,
D9112D1FF91C5FFC // -39, 17, 45, 31, -7, 28, 95, -4,
091CEDF912191752 // 9, 28, -19, -7, 18, 25, 23, 82,
DD0BDDF3FE911F06 // -35, 11, -35, -13, -2, -111, 31, 6,
250DB3E6C3C7EF0C // 37, 13, -77, -26, -61, -57, -17, 12,
1CDF1FE0BFC2EB44 // 28, -33, 31, -32, -65, -62, -21, 68,
3017811CA5103CDE // 48, 23, -127, 28, -91, 16, 60, -34,
03DBA016E3E7E0D6 // 3, -37, -96, 22, -29, -25, -32, -42,
FB04741F590313E3 // -5, 4, 116, 31, 89, 3, 19, -29,
FD07F3290D102A14 // -3, 7, -13, 41, 13, 16, 42, 20,
ED7AF0B931DB0BC2 // -19, 122, -16, -71, 49, -37, 11, -62,
EFF6B5B3B981C31B // -17, -10, -75, -77, -71, -127, -61, 27,
E803C9F6D0F4E197 // -24, 3, -55, -10, -48, -12, -31, -105,
08EBE3EEFE14BCFF // 8, -21, -29, -18, -2, 20, -68, -1,
02FC0D240408039F // 2, -4, 13, 36, 4, 8, 3, -97,
1B6326600D7CD71A // 27, 99, 38, 96, 13, 124, -41, 26,
23AD43F97431C8FC // 35, -83, 67, -7, 116, 49, -56, -4,
18AF32572D541DDB // 24, -81, 50, 87, 45, 84, 29, -37,
D74DDA7D18352270 // -41, 77, -38, 125, 24, 53, 34, 112,
E0431922CC0AE4F4 // -32, 67, 25, 34, -52, 10, -28, -12,
CADB14EE34EFD032 // -54, -37, 20, -18, 52, -17, -48, 50,
4D0F351EF8FAEF2B // 77, 15, 53, 30, -8, -6, -17, 43,
FFF1100DC90F035D // -1, -15, 16, 13, -55, 15, 3, 93,
EF15CD01442F39F4 // -17, 21, -51, 1, 68, 47, 57, -12,
05C70D1530F820F6 // 5, -57, 13, 21, 48, -8, 32, -10,
F30276FFFE2E02FE // -13, 2, 118, -1, -2, 46, 2, -2,
10E81103F31810FB // 16, -24, 17, 3, -13, 24, 16, -5,
447CDB7F812C1F42 // 68, 124, -37, 127, -127, 44, 31, 66,
62FE192CEED5BF0B // 98, -2, 25, 44, -18, -43, -65, 11,
180A17FB1D0EDDFA // 24, 10, 23, -5, 29, 14, -35, -6,
D7E5F84805281F34 // -41, -27, -8, 72, 5, 40, 31, 52,
00F34C2881F803FB // 0, -13, 76, 40, -127, -8, 3, -5,
F32F09EB211F0E0E // -13, 47, 9, -21, 33, 31, 14, 14,
A9EC90ADF40449A8 // -87, -20, -112, -83, -12, 4, 73, -88,
F6F24050DC170EFD // -10, -14, 64, 80, -36, 23, 14, -3,
09E6F0253F1CE4D4 // 9, -26, -16, 37, 63, 28, -28, -44,
FDF11BD5CE1D4B4B // -3, -15, 27, -43, -50, 29, 75, 75,
FB13DE1B1B0F171B // -5, 19, -34, 27, 27, 15, 23, 27,
FD160BD5F1EF2F21 // -3, 22, 11, -43, -15, -17, 47, 33,
00227CEC25CFB917 // 0, 34, 124, -20, 37, -49, -71, 23,
DCFD16B8067F58D4 // -36, -3, 22, -72, 6, 127, 88, -44,
ED5AEC3E70144A01 // -19, 90, -20, 62, 112, 20, 74, 1,
E91AE0F91EEED4D3 // -23, 26, -32, -7, 30, -18, -44, -45,
0DB7DAEC4A400452 // 13, -73, -38, -20, 74, 64, 4, 82,
26DC134E0843EE05 // 38, -36, 19, 78, 8, 67, -18, 5,
F0360254821BEC56 // -16, 54, 2, 84, -126, 27, -20, 86,
7F75DEF11F4AD230 // 127, 117, -34, -15, 31, 74, -46, 48,
EFDC84DBE9525A12 // -17, -36, -124, -37, -23, 82, 90, 18,
5871D3F1A4071C1F // 88, 113, -45, -15, -92, 7, 28, 31,
34F0F441E6537F2B // 52, -16, -12, 65, -26, 83, 127, 43,
7F4F227F7718E4B9 // 127, 79, 34, 127, 119, 24, -28, -71,
DA8462817CC2B8E5 // -38, -124, 98, -127, 124, -62, -72, -27,
BF3478319EA2565C // -65, 52, 120, 49, -98, -94, 86, 92,
4134477F05D54FE1 // 65, 52, 71, 127, 5, -43, 79, -31,
CBDFE464E94E06DC // -53, -33, -28, 100, -23, 78, 6, -36,
FFCED99C2ADA0B09 // -1, -50, -39, -100, 42, -38, 11, 9,
EAC0EDF084870F32 // -22, -64, -19, -16, -124, -121, 15, 50,
44337B3FD9E7F45B // 68, 51, 123, 63, -39, -25, -12, 91,
1CF6210D090A0DF8 // 28, -10, 33, 13, 9, 10, 13, -8,
DA0B0B00F1F517D0 // -38, 11, 11, 0, -15, -11, 23, -48,
16E14BE8E31B101C // 22, -31, 75, -24, -29, 27, 16, 28,
FFD518DF0713DB0D // -1, -43, 24, -33, 7, 19, -37, 13,
FEE90E0FD4F3F9EE // -2, -23, 14, 15, -44, -13, -7, -18,
C021B76B8CAA7FF0 // -64, 33, -73, 107, -116, -86, 127, -16,
0802B87F01BE8D06 // 8, 2, -72, 127, 1, -66, -115, 6,
3DCA2104F6E4B9BA // 61, -54, 33, 4, -10, -28, -71, -70,
59011550ED3C3A3A // 89, 1, 21, 80, -19, 60, 58, 58,
4403E709EC8181B5 // 68, 3, -25, 9, -20, -127, -127, -75,
B2FC20CC05C109D2 // -78, -4, 32, -52, 5, -63, 9, -46,
2846FFCC73DC3AF0 // 40, 70, -1, -52, 115, -36, 58, -16,
0BC85A1EFC950B08 // 11, -56, 90, 30, -4, -107, 11, 8,
CC23CFF304068199 // -52, 35, -49, -13, 4, 6, -127, -103,
F4D03C3E0DE92C0F // -12, -48, 60, 62, 13, -23, 44, 15,
D9428DD6CB8181D2 // -39, 66, -115, -42, -53, -127, -127, -46,
8ED6F481CED3E93A // -114, -42, -12, -127, -50, -45, -23, 58,
251D3BF20FDCA07F // 37, 29, 59, -14, 15, -36, -96, 127,
41CF3A463ED414E6 // 65, -49, 58, 70, 62, -44, 20, -26,
32F1EB117F124EDB // 50, -15, -21, 17, 127, 18, 78, -37,
0FEA0B102F1AA8F2 // 15, -22, 11, 16, 47, 26, -88, -14,
13131F3ABE3F3DFA // 19, 19, 31, 58, -66, 63, 61, -6,
39D8E6392A3CF128 // 57, -40, -26, 57, 42, 60, -15, 40,
1BFCFDDFE5170897 // 27, -4, -3, -33, -27, 23, 8, -105,
210C1CBB1B49DACF // 33, 12, 28, -69, 27, 73, -38, -49,
EE2309DFEE058319 // -18, 35, 9, -33, -18, 5, -125, 25,
060738250FD03AEC // 6, 7, 56, 37, 15, -48, 58, -20,
2CDAF0FDD81BC00C // 44, -38, -16, -3, -40, 27, -64, 12,
D8149BF1DCEC0BD2 // -40, 20, -101, -15, -36, -20, 11, -46,
EBEAD4182E49DD04 // -21, -22, -44, 24, 46, 73, -35, 4,
4DF00E101D11EC22 // 77, -16, 14, 16, 29, 17, -20, 34,
05DB1123E73442D0 // 5, -37, 17, 35, -25, 52, 66, -48,
2B27F9DACA20F4FB // 43, 39, -7, -38, -54, 32, -12, -5,
B9D40EDFB5E21E0A // -71, -44, 14, -33, -75, -30, 30, 10,
0CDAF818E7F415E7 // 12, -38, -8, 24, -25, -12, 21, -25,
030900F9FC0AD81A // 3, 9, 0, -7, -4, 10, -40, 26,
F4290102C1FA2759 // -12, 41, 1, 2, -63, -6, 39, 89,
E5DC2205CC1B641E // -27, -36, 34, 5, -52, 27, 100, 30,
FCDDB6FFF3C5F2FE // -4, -35, -74, -1, -13, -59, -14, -2,
EAE5D6D4E10D2610 // -22, -27, -42, -44, -31, 13, 38, 16,
280CCF2592F4F615 // 40, 12, -49, 37, -110, -12, -10, 21,
C1C76EE0F114F0AD // -63, -57, 110, -32, -15, 20, -16, -83,
C41BFF08F5E027E8 // -60, 27, -1, 8, -11, -32, 39, -24,
1E369209A71B4825 // 30, 54, -110, 9, -89, 27, 72, 37,
01C42AD6D7DDB80D // 1, -60, 42, -42, -41, -35, -72, 13,
FEFA27FE2ED4FDB7 // -2, -6, 39, -2, 46, -44, -3, -73,
18C0441EB925E023 // 24, -64, 68, 30, -71, 37, -32, 35,
14FEDA30D8645852 // 20, -2, -38, 48, -40, 100, 88, 82,
45140A15791181C9 // 69, 20, 10, 21, 121, 17, -127, -55,
F3C11E42EFE0DA1E // -13, -63, 30, 66, -17, -32, -38, 30,
03F4004D24FD47FE // 3, -12, 0, 77, 36, -3, 71, -2,
E345E20EE90FEF26 // -29, 69, -30, 14, -23, 15, -17, 38,
FC1611417FEB2E10 // -4, 22, 17, 65, 127, -21, 46, 16,
0934AEFFE4ECF021 // 9, 52, -82, -1, -28, -20, -16, 33,
23C408DAE9371D19 // 35, -60, 8, -38, -23, 55, 29, 25,
0C1B082FFD0812E8 // 12, 27, 8, 47, -3, 8, 18, -24,
EAE8DDE34A221505 // -22, -24, -35, -29, 74, 34, 21, 5,
D1ED431107724315 // -47, -19, 67, 17, 7, 114, 67, 21,
0158D5F7FF03F7FF // 1, 88, -43, -9, -1, 3, -9, -1,
3316CCF03BB2ECE7 // 51, 22, -52, -16, 59, -78, -20, -25,
4403EFBC18179B0D // 68, 3, -17, -68, 24, 23, -101, 13,
EBEF3D034B2E1EF3 // -21, -17, 61, 3, 75, 46, 30, -13,
B30D121C2D329825 // -77, 13, 18, 28, 45, 50, -104, 37,
285F0E38B8472D04 // 40, 95, 14, 56, -72, 71, 45, 4,
1F41163E045B01EE // 31, 65, 22, 62, 4, 91, 1, -18,
1E0810E70CF0AE1E // 30, 8, 16, -25, 12, -16, -82, 30,
F9631E0400DA428E // -7, 99, 30, 4, 0, -38, 66, -114,
153EC60E48C37FB0 // 21, 62, -58, 14, 72, -61, 127, -80,
1114DAE595FBD649 // 17, 20, -38, -27, -107, -5, -42, 73,
5E2A041E0E11F81C // 94, 42, 4, 30, 14, 17, -8, 28,
472E23191E27F305 // 71, 46, 35, 25, 30, 39, -13, 5,
1D0DE1FC283D12C6 // 29, 13, -31, -4, 40, 61, 18, -58,
F8E31416E128DB32 // -8, -29, 20, 22, -31, 40, -37, 50,
B0FD1342783F0F05 // -80, -3, 19, 66, 120, 63, 15, 5,
67E90662221A487F // 103, -23, 6, 98, 34, 26, 72, 127,
F2DAFBC7F4425D26 // -14, -38, -5, -57, -12, 66, 93, 38,
220D341F12E7340A // 34, 13, 52, 31, 18, -25, 52, 10,
F937F8FAF7EE68AB // -7, 55, -8, -6, -9, -18, 104, -85,
310757E21509CC0D // 49, 7, 87, -30, 21, 9, -52, 13,
BCB640E5DCDCBC1A // -68, -74, 64, -27, -36, -36, -68, 26,
0FE20A73FD1538F9 // 15, -30, 10, 115, -3, 21, 56, -7,
D031F501060017FA // -48, 49, -11, 1, 6, 0, 23, -6,
2CFA11C427D466FC // 44, -6, 17, -60, 39, -44, 102, -4,
39CCB5DA213CFA6E // 57, -52, -75, -38, 33, 60, -6, 110,
D5E2991EFA07FAA6 // -43, -30, -103, 30, -6, 7, -6, -90,
FF22D70CDBF4EDE1 // -1, 34, -41, 12, -37, -12, -19, -31,
BB1918A1FDB3C14B // -69, 25, 24, -95, -3, -77, -63, 75,
26FD5630CAFAE511 // 38, -3, 86, 48, -54, -6, -27, 17,
EE3208CA1904E2EF // -18, 50, 8, -54, 25, 4, -30, -17,
282C19032C190473 // 40, 44, 25, 3, 44, 25, 4, 115,
123AD2DF290AF2D8 // 18, 58, -46, -33, 41, 10, -14, -40,
CDDD9ADA3EEA39C7 // -51, -35, -102, -38, 62, -22, 57, -57,
BEA8F81F9CFA17FF // -66, -88, -8, 31, -100, -6, 23, -1,
E705064C1F06E90A // -25, 5, 6, 76, 31, 6, -23, 10,
F6CF343237D8F0CE // -10, -49, 52, 50, 55, -40, -16, -50,
F2E42C07230F037D // -14, -28, 44, 7, 35, 15, 3, 125,
E2301DDE4D14281A // -30, 48, 29, -34, 77, 20, 40, 26,
22A50828F93744B3 // 34, -91, 8, 40, -7, 55, 68, -77,
F41DD7BA8923C231 // -12, 29, -41, -70, -119, 35, -62, 49,
EFEAD00AFD84DFF2 // -17, -22, -48, 10, -3, -124, -33, -14,
06E1EC2E400DDBBC // 6, -31, -20, 46, 64, 13, -37, -68,
2CE51618ECFA0221 // 44, -27, 22, 24, -20, -6, 2, 33,
0F1334FBFB1E160A // 15, 19, 52, -5, -5, 30, 22, 10,
DEE521C8ECFB6420 // -34, -27, 33, -56, -20, -5, 100, 32,
CEE01F819133FA0F // -50, -32, 31, -127, -111, 51, -6, 15,
F403F93D3F062BF2 // -12, 3, -7, 61, 63, 6, 43, -14,
3104574F4C0155FA // 49, 4, 87, 79, 76, 1, 85, -6,
3414941FCAC2F232 // 52, 20, -108, 31, -54, -62, -14, 50,
E80EF797D8E1E901 // -24, 14, -9, -105, -40, -31, -23, 1,
94D243DAD0CB0831 // -108, -46, 67, -38, -48, -53, 8, 49,
06A80BDF09F5DCE1 // 6, -88, 11, -33, 9, -11, -36, -31,
25D7130CE44024F6 // 37, -41, 19, 12, -28, 64, 36, -10,
4728F02821D800F2 // 71, 40, -16, 40, 33, -40, 0, -14,
ED0D30D4F99EDC73 // -19, 13, 48, -44, -7, -98, -36, 115,
F312064142F517C8 // -13, 18, 6, 65, 66, -11, 23, -56,
E7E523E4125BFD39 // -25, -27, 35, -28, 18, 91, -3, 57,
FEF9B0FF0475AC01 // -2, -7, -80, -1, 4, 117, -84, 1,
24FDCEF0111E42CB // 36, -3, -50, -16, 17, 30, 66, -53,
3F5AF808DFCA2F04 // 63, 90, -8, 8, -33, -54, 47, 4,
