000000000000FFEBFFEA0011005500A1 // 0, 0, 0, -21, -22, 17, 85, 161,
000000000000FFEBFFEA0011005600A1 // 0, 0, 0, -21, -22, 17, 86, 161,
000000000000FFEAFFE9000F005700A1 // 0, 0, 0, -22, -23, 15, 87, 161,
000000000000FFEAFFE8000D005800A1 // 0, 0, 0, -22, -24, 13, 88, 161,
000000000000FFEBFFE8000C005800A1 // 0, 0, 0, -21, -24, 12, 88, 161,
000000000000FFEBFFE7000A005900A1 // 0, 0, 0, -21, -25, 10, 89, 161,
000000000000FFECFFE70009005900A1 // 0, 0, 0, -20, -25, 9, 89, 161,
000000000000FFEFFFE60007005A00A1 // 0, 0, 0, -17, -26, 7, 90, 161,
000000000000FFEFFFE60006005A00A1 // 0, 0, 0, -17, -26, 6, 90, 161,
000000000000FFF1FFE50004005A00A1 // 0, 0, 0, -15, -27, 4, 90, 161,
000000000000FFF2FFE50003005A00A1 // 0, 0, 0, -14, -27, 3, 90, 161,
000000000000FFF4FFE50001005A00A1 // 0, 0, 0, -12, -27, 1, 90, 161,
000000000000FFF6FFE40001005A00A1 // 0, 0, 0, -10, -28, 1, 90, 161,
000000000000FFF7FFE40001005A00A1 // 0, 0, 0, -9, -28, 1, 90, 161,
000000000000FFFAFFE40001005A00A1 // 0, 0, 0, -6, -28, 1, 90, 161,
000000000000FFFBFFE40001005A00A1 // 0, 0, 0, -5, -28, 1, 90, 161,
000000000000FFFEFFE40001005A00A1 // 0, 0, 0, -2, -28, 1, 90, 161,
000000000000FFFFFFE40001005A00A1 // 0, 0, 0, -1, -28, 1, 90, 161,
0000000000000000FFE40001005A00A1 // 0, 0, 0, 0, -28, 1, 90, 161,
0000000000000000FFE40001005A00A1 // 0, 0, 0, 0, -28, 1, 90, 161,
0000000000000000FFE40001005A00A1 // 0, 0, 0, 0, -28, 1, 90, 161,
0000000000000000FFE40001005A00A1 // 0, 0, 0, 0, -28, 1, 90, 161,
0000000000000000FFE40001005A00A1 // 0, 0, 0, 0, -28, 1, 90, 161,
0000000000000000FFE40001005A00A1 // 0, 0, 0, 0, -28, 1, 90, 161,
0000000000000000FFE40001005A00A1 // 0, 0, 0, 0, -28, 1, 90, 161,
0000000000000000FFE40001005A00A1 // 0, 0, 0, 0, -28, 1, 90, 161,
0000000000000000FFE40001005A00A1 // 0, 0, 0, 0, -28, 1, 90, 161,
0000000000000000FFE40001005A00A1 // 0, 0, 0, 0, -28, 1, 90, 161,
0000000000000000FFE40001005A00A1 // 0, 0, 0, 0, -28, 1, 90, 161,
0000000000000000FFE40001005A00A1 // 0, 0, 0, 0, -28, 1, 90, 161,
0000000000000000FFE40001005A00A1 // 0, 0, 0, 0, -28, 1, 90, 161,
0000000000000000FFE40001005A00A1 // 0, 0, 0, 0, -28, 1, 90, 161,
0000000000000000FFE40001005A00A1 // 0, 0, 0, 0, -28, 1, 90, 161,
0000000000000000FFE40001005A00A1 // 0, 0, 0, 0, -28, 1, 90, 161,
0000000000000000FFE40001005A00A1 // 0, 0, 0, 0, -28, 1, 90, 161,
0000000000000000FFE40001005A00A1 // 0, 0, 0, 0, -28, 1, 90, 161,
0000000000000000FFE40001005A00A1 // 0, 0, 0, 0, -28, 1, 90, 161,
0000000000000000FFE40001005A00A1 // 0, 0, 0, 0, -28, 1, 90, 161,
0000000000000000FFE40001005A00A1 // 0, 0, 0, 0, -28, 1, 90, 161,
0000000000000000FFE40001005A00A1 // 0, 0, 0, 0, -28, 1, 90, 161,
0000000000000000FFE40001005A00A1 // 0, 0, 0, 0, -28, 1, 90, 161,
0000000000000000FFE40001005A00A1 // 0, 0, 0, 0, -28, 1, 90, 161,
0000000000000000FFE40001005A00A1 // 0, 0, 0, 0, -28, 1, 90, 161,
0000000000000000FFE40001005A00A1 // 0, 0, 0, 0, -28, 1, 90, 161,
0000000000000000FFE40001005A00A1 // 0, 0, 0, 0, -28, 1, 90, 161,
0000000000000000FFE40001005A00A1 // 0, 0, 0, 0, -28, 1, 90, 161,
0000000000000000FFE40001005A00A1 // 0, 0, 0, 0, -28, 1, 90, 161,
0000000000000000FFE40002005A00A1 // 0, 0, 0, 0, -28, 2, 90, 161,
0000000000000000FFE40002005A00A1 // 0, 0, 0, 0, -28, 2, 90, 161,
0000000000000000FFE40002005A00A1 // 0, 0, 0, 0, -28, 2, 90, 161,
0000000000000000FFE40002005A00A1 // 0, 0, 0, 0, -28, 2, 90, 161,
0000000000000000FFE40002005A00A1 // 0, 0, 0, 0, -28, 2, 90, 161,
0000000000000000FFE40002005A00A1 // 0, 0, 0, 0, -28, 2, 90, 161,
0000000000000000FFE40003005A00A1 // 0, 0, 0, 0, -28, 3, 90, 161,
0000000000000000FFE40003005A00A1 // 0, 0, 0, 0, -28, 3, 90, 161,
0000000000000000FFE40003005A00A1 // 0, 0, 0, 0, -28, 3, 90, 161,
0000000000000000FFE40004005A00A1 // 0, 0, 0, 0, -28, 4, 90, 161,
0000000000000000FFE40004005B00A1 // 0, 0, 0, 0, -28, 4, 91, 161,
0000000000000000FFE40004005B00A1 // 0, 0, 0, 0, -28, 4, 91, 161,
0000000000000000FFE40004005B00A1 // 0, 0, 0, 0, -28, 4, 91, 161,
0000000000000000FFE40005005B00A1 // 0, 0, 0, 0, -28, 5, 91, 161,
0000000000000000FFE40006005B00A1 // 0, 0, 0, 0, -28, 6, 91, 161,
0000000000000000FFE40006005C00A1 // 0, 0, 0, 0, -28, 6, 92, 161,
0000000000000000FFE40006005C00A1 // 0, 0, 0, 0, -28, 6, 92, 161,
0000000000000000FFE40005005C00A1 // 0, 0, 0, 0, -28, 5, 92, 161,
0000000000000000FFE40005005D00A1 // 0, 0, 0, 0, -28, 5, 93, 161,
0000000000000000FFE40005005D00A1 // 0, 0, 0, 0, -28, 5, 93, 161,
0000000000000000FFE40005005D00A1 // 0, 0, 0, 0, -28, 5, 93, 161,
0000000000000000FFE40004005D00A1 // 0, 0, 0, 0, -28, 4, 93, 161,
0000000000000000FFE40004005D00A1 // 0, 0, 0, 0, -28, 4, 93, 161,
0000000000000000FFE40003005D00A1 // 0, 0, 0, 0, -28, 3, 93, 161,
0000000000000000FFE40002005E00A1 // 0, 0, 0, 0, -28, 2, 94, 161,
0000000000000000FFE40002005E00A1 // 0, 0, 0, 0, -28, 2, 94, 161,
0000000000000001FFE40002005E00A1 // 0, 0, 0, 1, -28, 2, 94, 161,
0000000000000001FFE40001005E00A1 // 0, 0, 0, 1, -28, 1, 94, 161,
0000000000000001FFE40001005E00A1 // 0, 0, 0, 1, -28, 1, 94, 161,
0000000000000001FFE40001005E00A1 // 0, 0, 0, 1, -28, 1, 94, 161,
0000000000000001FFE40001005E00A1 // 0, 0, 0, 1, -28, 1, 94, 161,
0000000000000002FFE40001005E00A1 // 0, 0, 0, 2, -28, 1, 94, 161,
0000000000000003FFE40001005E00A1 // 0, 0, 0, 3, -28, 1, 94, 161,
0000000000000004FFE40001005E00A1 // 0, 0, 0, 4, -28, 1, 94, 161,
0000000000000004FFE40001005E00A1 // 0, 0, 0, 4, -28, 1, 94, 161,
0000000000000006FFE40001005E00A1 // 0, 0, 0, 6, -28, 1, 94, 161,
0000000000000008FFE40001005E00A1 // 0, 0, 0, 8, -28, 1, 94, 161,
0000000000000009FFE40001005E00A1 // 0, 0, 0, 9, -28, 1, 94, 161,
000000000000000AFFE50001005E00A1 // 0, 0, 0, 10, -27, 1, 94, 161,
000000000000000CFFE50001005E00A1 // 0, 0, 0, 12, -27, 1, 94, 161,
000000000000000FFFE50001005E00A1 // 0, 0, 0, 15, -27, 1, 94, 161,
0000000000000011FFE60001005E00A1 // 0, 0, 0, 17, -26, 1, 94, 161,
0000000000000013FFE60001005E00A1 // 0, 0, 0, 19, -26, 1, 94, 161,
0000000000000015FFE70001005E00A1 // 0, 0, 0, 21, -25, 1, 94, 161,
0000000000000017FFE70001005E00A1 // 0, 0, 0, 23, -25, 1, 94, 161,
0000000000000019FFE80001005E00A1 // 0, 0, 0, 25, -24, 1, 94, 161,
000000000000001BFFE90001005E00A1 // 0, 0, 0, 27, -23, 1, 94, 161,
000000000000001DFFE90001005E00A1 // 0, 0, 0, 29, -23, 1, 94, 161,
000000000000001FFFEA0001005E00A1 // 0, 0, 0, 31, -22, 1, 94, 161,
0000000000000023FFEB0000005F00A1 // 0, 0, 0, 35, -21, 0, 95, 161,
0000000000000027FFECFFFF005F00A1 // 0, 0, 0, 39, -20, -1, 95, 161,
000000000000002BFFEDFFFE005F00A1 // 0, 0, 0, 43, -19, -2, 95, 161,
000000000000002EFFEEFFFD005F00A1 // 0, 0, 0, 46, -18, -3, 95, 161,
0000000000000033FFEFFFFB005E00A1 // 0, 0, 0, 51, -17, -5, 94, 161,
0000000000000034FFF1FFF9005E00A1 // 0, 0, 0, 52, -15, -7, 94, 161,
0000000000000037FFF2FFF6005E00A1 // 0, 0, 0, 55, -14, -10, 94, 161,
0000000000000039FFF4FFF3005D00A1 // 0, 0, 0, 57, -12, -13, 93, 161,
000000000000003BFFF5FFF1005C00A1 // 0, 0, 0, 59, -11, -15, 92, 161,
000000000000003DFFF7FFEE005B00A1 // 0, 0, 0, 61, -9, -18, 91, 161,
000000000000003FFFF8FFEB005A00A1 // 0, 0, 0, 63, -8, -21, 90, 161,
0000000000000040FFFAFFE8005900A1 // 0, 0, 0, 64, -6, -24, 89, 161,
0000000000000043FFFCFFE6005700A1 // 0, 0, 0, 67, -4, -26, 87, 161,
0000000000000043FFFDFFE3005600A1 // 0, 0, 0, 67, -3, -29, 86, 161,
0000000000000046FFFFFFDF005400A1 // 0, 0, 0, 70, -1, -33, 84, 161,
00000000000000430001FFDB005200A1 // 0, 0, 0, 67, 1, -37, 82, 161,
000000000000004C0003FFD8004F00A1 // 0, 0, 0, 76, 3, -40, 79, 161,
00000000000000490004FFD4004D00A1 // 0, 0, 0, 73, 4, -44, 77, 161,
000000000000004A0007FFD4004A00A1 // 0, 0, 0, 74, 7, -44, 74, 161,
000000000000004D0008FFD5004700A1 // 0, 0, 0, 77, 8, -43, 71, 161,
0000000000000050000BFFD2004400A1 // 0, 0, 0, 80, 11, -46, 68, 161,
0000000000000056000DFFD6004200A1 // 0, 0, 0, 86, 13, -42, 66, 161,
0000000000000059000FFFD7003F00A1 // 0, 0, 0, 89, 15, -41, 63, 161,
000000000000005D0011FFD9003D00A1 // 0, 0, 0, 93, 17, -39, 61, 161,
00000000000000630014FFDB003B00A1 // 0, 0, 0, 99, 20, -37, 59, 161,
00000000000000690017FFDB003800A1 // 0, 0, 0, 105, 23, -37, 56, 161,
00000000000000710019FFDD003600A1 // 0, 0, 0, 113, 25, -35, 54, 161,
0000000000000076001CFFDC003400A1 // 0, 0, 0, 118, 28, -36, 52, 161,
000000000000007D0020FFDB003200A1 // 0, 0, 0, 125, 32, -37, 50, 161,
00000000000000860023FFD9003000A1 // 0, 0, 0, 134, 35, -39, 48, 161,
000000000000008C0026FFD8002D00A1 // 0, 0, 0, 140, 38, -40, 45, 161,
0000000000000094002AFFD7002B00A1 // 0, 0, 0, 148, 42, -41, 43, 161,
000000000000009B002EFFD6002800A1 // 0, 0, 0, 155, 46, -42, 40, 161,
00000000000000A10032FFD8002600A1 // 0, 0, 0, 161, 50, -40, 38, 161,
00000000000000A50037FFD8002300A1 // 0, 0, 0, 165, 55, -40, 35, 161,
00000000000000A7003BFFDA002100A1 // 0, 0, 0, 167, 59, -38, 33, 161,
00000000000000AA003FFFDB001E00A1 // 0, 0, 0, 170, 63, -37, 30, 161,
00000000000000AA0044FFDA001C00A1 // 0, 0, 0, 170, 68, -38, 28, 161,
00000000000000A90048FFD9001900A1 // 0, 0, 0, 169, 72, -39, 25, 161,
00000000000000A6004CFFD8001600A1 // 0, 0, 0, 166, 76, -40, 22, 161,
00000000000000A20050FFD7001400A1 // 0, 0, 0, 162, 80, -41, 20, 161,
00000000000000A00055FFD7001100A1 // 0, 0, 0, 160, 85, -41, 17, 161,
00000000000000A10059FFD8000E00A1 // 0, 0, 0, 161, 89, -40, 14, 161,
000000000000009B005DFFD8000B00A1 // 0, 0, 0, 155, 93, -40, 11, 161,
000000000000009E0061FFD9000800A1 // 0, 0, 0, 158, 97, -39, 8, 161,
000000000000009D0065FFD8000500A1 // 0, 0, 0, 157, 101, -40, 5, 161,
000000000000009E0069FFD8000300A1 // 0, 0, 0, 158, 105, -40, 3, 161,
000000000000009D006DFFD8000000A1 // 0, 0, 0, 157, 109, -40, 0, 161,
000000000000009C0071FFD9FFFD00A1 // 0, 0, 0, 156, 113, -39, -3, 161,
00000000000000990075FFD7FFFA00A1 // 0, 0, 0, 153, 117, -41, -6, 161,
00000000000000990079FFD6FFF700A1 // 0, 0, 0, 153, 121, -42, -9, 161,
0000000000000097007DFFD5FFF400A1 // 0, 0, 0, 151, 125, -43, -12, 161,
00000000000000940081FFD4FFF100A1 // 0, 0, 0, 148, 129, -44, -15, 161,
00000000000000910085FFD3FFEE00A1 // 0, 0, 0, 145, 133, -45, -18, 161,
000000000000008C0088FFD2FFEA00A1 // 0, 0, 0, 140, 136, -46, -22, 161,
0000000000000088008CFFD2FFE700A1 // 0, 0, 0, 136, 140, -46, -25, 161,
0000000000000084008FFFD1FFE400A1 // 0, 0, 0, 132, 143, -47, -28, 161,
000000000000007D0093FFD2FFE100A1 // 0, 0, 0, 125, 147, -46, -31, 161,
00000000000000760096FFD1FFDD00A1 // 0, 0, 0, 118, 150, -47, -35, 161,
00000000000000720099FFD1FFDA00A1 // 0, 0, 0, 114, 153, -47, -38, 161,
000000000000006B009BFFD2FFD700A1 // 0, 0, 0, 107, 155, -46, -41, 161,
0000000000000066009EFFD2FFD400A1 // 0, 0, 0, 102, 158, -46, -44, 161,
000000000000006500A1FFD3FFD000A1 // 0, 0, 0, 101, 161, -45, -48, 161,
000000000000006300A3FFD3FFCD00A1 // 0, 0, 0, 99, 163, -45, -51, 161,
000000000000006100A6FFD4FFCA00A1 // 0, 0, 0, 97, 166, -44, -54, 161,
000000000000006100A8FFD4FFC700A1 // 0, 0, 0, 97, 168, -44, -57, 161,
000000000000006000ABFFD4FFC400A1 // 0, 0, 0, 96, 171, -44, -60, 161,
000000000000005E00ADFFD5FFC100A1 // 0, 0, 0, 94, 173, -43, -63, 161,
000000000000005E00B0FFD7FFBE00A1 // 0, 0, 0, 94, 176, -41, -66, 161,
000000000000005C00B2FFD8FFBB00A1 // 0, 0, 0, 92, 178, -40, -69, 161,
000000000000005900B5FFD7FFB800A1 // 0, 0, 0, 89, 181, -41, -72, 161,
000000000000005700B7FFD8FFB600A1 // 0, 0, 0, 87, 183, -40, -74, 161,
000000000000005600B9FFD8FFB300A1 // 0, 0, 0, 86, 185, -40, -77, 161,
000000000000005300BBFFD9FFB000A1 // 0, 0, 0, 83, 187, -39, -80, 161,
000000000000004F00BDFFD9FFAD00A1 // 0, 0, 0, 79, 189, -39, -83, 161,
000000000000004D00BFFFDBFFAB00A1 // 0, 0, 0, 77, 191, -37, -85, 161,
000000000000004A00C1FFDDFFA800A1 // 0, 0, 0, 74, 193, -35, -88, 161,
000000000000004900C3FFDDFFA600A1 // 0, 0, 0, 73, 195, -35, -90, 161,
000000000000004500C5FFE0FFA300A1 // 0, 0, 0, 69, 197, -32, -93, 161,
000000000000004400C7FFE1FFA100A1 // 0, 0, 0, 68, 199, -31, -95, 161,
000000000000004100C8FFE1FF9F00A1 // 0, 0, 0, 65, 200, -31, -97, 161,
000000000000003F00CAFFE1FF9D00A1 // 0, 0, 0, 63, 202, -31, -99, 161,
000000000000003D00CCFFE2FF9B00A1 // 0, 0, 0, 61, 204, -30, -101, 161,
000000000000003A00CDFFE0FF9900A1 // 0, 0, 0, 58, 205, -32, -103, 161,
000000000000003800CFFFDEFF9600A1 // 0, 0, 0, 56, 207, -34, -106, 161,
000000000000003300D0FFDDFF9400A1 // 0, 0, 0, 51, 208, -35, -108, 161,
000000000000003200D1FFDCFF9200A1 // 0, 0, 0, 50, 209, -36, -110, 161,
000000000000002D00D3FFD9FF8F00A1 // 0, 0, 0, 45, 211, -39, -113, 161,
000000000000002900D4FFD8FF8C00A1 // 0, 0, 0, 41, 212, -40, -116, 161,
000000000000002700D5FFD6FF8A00A1 // 0, 0, 0, 39, 213, -42, -118, 161,
000000000000002200D6FFD7FF8700A1 // 0, 0, 0, 34, 214, -41, -121, 161,
000000000000002000D6FFD9FF8400A1 // 0, 0, 0, 32, 214, -39, -124, 161,
000000000000001B00D7FFD8FF8200A1 // 0, 0, 0, 27, 215, -40, -126, 161,
000000000000001800D8FFD6FF7F00A1 // 0, 0, 0, 24, 216, -42, -129, 161,
000000000000001600D8FFD7FF7C00A1 // 0, 0, 0, 22, 216, -41, -132, 161,
000000000000001200D9FFD8FF7A00A1 // 0, 0, 0, 18, 217, -40, -134, 161,
000000000000001100D9FFD7FF7700A1 // 0, 0, 0, 17, 217, -41, -137, 161,
000000000000000E00DAFFD8FF7400A1 // 0, 0, 0, 14, 218, -40, -140, 161,
000000000000000D00DAFFDAFF7200A1 // 0, 0, 0, 13, 218, -38, -142, 161,
000000000000000C00DAFFDAFF6F00A1 // 0, 0, 0, 12, 218, -38, -145, 161,
000000000000000A00DBFFDBFF6D00A1 // 0, 0, 0, 10, 219, -37, -147, 161,
000000000000000900DBFFDDFF6A00A1 // 0, 0, 0, 9, 219, -35, -150, 161,
000000000000000900DBFFDEFF6800A1 // 0, 0, 0, 9, 219, -34, -152, 161,
000000000000000700DBFFDFFF6600A1 // 0, 0, 0, 7, 219, -33, -154, 161,
000000000000000600DBFFE1FF6400A1 // 0, 0, 0, 6, 219, -31, -156, 161,
000000000000000600DCFFE2FF6200A1 // 0, 0, 0, 6, 220, -30, -158, 161,
000000000000000500DCFFE4FF6000A1 // 0, 0, 0, 5, 220, -28, -160, 161,
000000000000000700DCFFE6FF5E00A1 // 0, 0, 0, 7, 220, -26, -162, 161,
000000000000000C00DCFFE9FF5C00A1 // 0, 0, 0, 12, 220, -23, -164, 161,
000000000000001100DDFFEFFF5B00A1 // 0, 0, 0, 17, 221, -17, -165, 161,
000000000000001200DDFFF6FF5A00A1 // 0, 0, 0, 18, 221, -10, -166, 161,
000000000000001100DD0000FF5A00A1 // 0, 0, 0, 17, 221, 0, -166, 161,
000000000000001000DE0007FF5A00A1 // 0, 0, 0, 16, 222, 7, -166, 161,
000000000000000F00DE0008FF5A00A1 // 0, 0, 0, 15, 222, 8, -166, 161,
000000000000000E00DF0007FF5B00A1 // 0, 0, 0, 14, 223, 7, -165, 161,
000000000000001000DF0003FF5B00A1 // 0, 0, 0, 16, 223, 3, -165, 161,
000000000000001200DF0002FF5B00A1 // 0, 0, 0, 18, 223, 2, -165, 161,
000000000000001200E00003FF5B00A1 // 0, 0, 0, 18, 224, 3, -165, 161,
000000000000001300E00003FF5B00A1 // 0, 0, 0, 19, 224, 3, -165, 161,
000000000000001400E10005FF5B00A1 // 0, 0, 0, 20, 225, 5, -165, 161,
000000000000001400E10006FF5B00A1 // 0, 0, 0, 20, 225, 6, -165, 161,
000000000000001400E20006FF5C00A1 // 0, 0, 0, 20, 226, 6, -164, 161,
000000000000001500E20007FF5C00A1 // 0, 0, 0, 21, 226, 7, -164, 161,
000000000000001400E30006FF5C00A1 // 0, 0, 0, 20, 227, 6, -164, 161,
000000000000001500E30006FF5C00A1 // 0, 0, 0, 21, 227, 6, -164, 161,
000000000000001400E40005FF5C00A1 // 0, 0, 0, 20, 228, 5, -164, 161,
000000000000001400E40005FF5D00A1 // 0, 0, 0, 20, 228, 5, -163, 161,
000000000000001300E50005FF5D00A1 // 0, 0, 0, 19, 229, 5, -163, 161,
000000000000001300E50004FF5D00A1 // 0, 0, 0, 19, 229, 4, -163, 161,
000000000000001300E60004FF5D00A1 // 0, 0, 0, 19, 230, 4, -163, 161,
000000000000001300E60004FF5D00A1 // 0, 0, 0, 19, 230, 4, -163, 161,
000000000000001300E70003FF5D00A1 // 0, 0, 0, 19, 231, 3, -163, 161,
000000000000001200E70003FF5D00A1 // 0, 0, 0, 18, 231, 3, -163, 161,
000000000000001100E80002FF5D00A1 // 0, 0, 0, 17, 232, 2, -163, 161,
000000000000001100E80002FF5D00A1 // 0, 0, 0, 17, 232, 2, -163, 161,
000000000000001000E90001FF5D00A1 // 0, 0, 0, 16, 233, 1, -163, 161,
000000000000001000E90001FF5D00A1 // 0, 0, 0, 16, 233, 1, -163, 161,
000000000000000F00E90001FF5D00A1 // 0, 0, 0, 15, 233, 1, -163, 161,
000000000000000E00EA0001FF5D00A1 // 0, 0, 0, 14, 234, 1, -163, 161,
000000000000000C00EA0001FF5D00A1 // 0, 0, 0, 12, 234, 1, -163, 161,
000000000000000A00EA0001FF5D00A1 // 0, 0, 0, 10, 234, 1, -163, 161,
000000000000000800EB0001FF5D00A1 // 0, 0, 0, 8, 235, 1, -163, 161,
000000000000000500EB0001FF5D00A1 // 0, 0, 0, 5, 235, 1, -163, 161,
000000000000000100EB0001FF5D00A1 // 0, 0, 0, 1, 235, 1, -163, 161,
000000000000FFFF00EB0001FF5D00A1 // 0, 0, 0, -1, 235, 1, -163, 161,
000000000000FFFF00EB0001FF5D00A1 // 0, 0, 0, -1, 235, 1, -163, 161,
000000000000000000EB0001FF5D00A1 // 0, 0, 0, 0, 235, 1, -163, 161,
000000000000000000EB0001FF5D00A1 // 0, 0, 0, 0, 235, 1, -163, 161,
000000000000FFFF00EB0001FF5D00A1 // 0, 0, 0, -1, 235, 1, -163, 161,
000000000000FFFE00EB0001FF5D00A1 // 0, 0, 0, -2, 235, 1, -163, 161,
000000000000FFFC00EB0002FF5D00A1 // 0, 0, 0, -4, 235, 2, -163, 161,
000000000000FFFA00EA0002FF5D00A1 // 0, 0, 0, -6, 234, 2, -163, 161,
000000000000FFF800EA0002FF5D00A1 // 0, 0, 0, -8, 234, 2, -163, 161,
000000000000FFF500EA0002FF5D00A1 // 0, 0, 0, -11, 234, 2, -163, 161,
000000000000FFF200EA0002FF5D00A1 // 0, 0, 0, -14, 234, 2, -163, 161,
000000000000FFEF00E90002FF5D00A1 // 0, 0, 0, -17, 233, 2, -163, 161,
000000000000FFEC00E90002FF5D00A1 // 0, 0, 0, -20, 233, 2, -163, 161,
000000000000FFE900E80002FF5D00A1 // 0, 0, 0, -23, 232, 2, -163, 161,
000000000000FFE400E80002FF5D00A1 // 0, 0, 0, -28, 232, 2, -163, 161,
000000000000FFE100E70003FF5D00A1 // 0, 0, 0, -31, 231, 3, -163, 161,
000000000000FFDC00E70003FF5D00A1 // 0, 0, 0, -36, 231, 3, -163, 161,
000000000000FFD900E50003FF5D00A1 // 0, 0, 0, -39, 229, 3, -163, 161,
000000000000FFD400E40003FF5E00A1 // 0, 0, 0, -44, 228, 3, -162, 161,
000000000000FFD100E30003FF5E00A1 // 0, 0, 0, -47, 227, 3, -162, 161,
000000000000FFCC00E10003FF5E00A1 // 0, 0, 0, -52, 225, 3, -162, 161,
000000000000FFC900E00004FF5E00A1 // 0, 0, 0, -55, 224, 4, -162, 161,
000000000000FFC500DE0004FF5E00A1 // 0, 0, 0, -59, 222, 4, -162, 161,
000000000000FFC000DD0004FF5E00A1 // 0, 0, 0, -64, 221, 4, -162, 161,
000000000000FFBC00DB0004FF5E00A1 // 0, 0, 0, -68, 219, 4, -162, 161,
000000000000FFB600D90004FF5F00A1 // 0, 0, 0, -74, 217, 4, -161, 161,
000000000000FFB000D70005FF5F00A1 // 0, 0, 0, -80, 215, 5, -161, 161,
000000000000FFA800D50005FF5F00A1 // 0, 0, 0, -88, 213, 5, -161, 161,
000000000000FFA000D30006FF5F00A1 // 0, 0, 0, -96, 211, 6, -161, 161,
000000000000FF9A00D00006FF6000A1 // 0, 0, 0, -102, 208, 6, -160, 161,
000000000000FF8D00CD0007FF6000A1 // 0, 0, 0, -115, 205, 7, -160, 161,
000000000000FF8600CA0009FF6000A1 // 0, 0, 0, -122, 202, 9, -160, 161,
000000000000FF7D00C7000AFF6100A1 // 0, 0, 0, -131, 199, 10, -159, 161,
000000000000FF7300C3000DFF6200A1 // 0, 0, 0, -141, 195, 13, -158, 161,
000000000000FF6900BF000FFF6200A1 // 0, 0, 0, -151, 191, 15, -158, 161,
000000000000FF6100BB0013FF6300A1 // 0, 0, 0, -159, 187, 19, -157, 161,
000000000000FF5600B70017FF6500A1 // 0, 0, 0, -170, 183, 23, -155, 161,
000000000000FF4C00B3001BFF6600A1 // 0, 0, 0, -180, 179, 27, -154, 161,
000000000000FF4000AE001FFF6800A1 // 0, 0, 0, -192, 174, 31, -152, 161,
000000000000FF3D00A90024FF6A00A1 // 0, 0, 0, -195, 169, 36, -150, 161,
000000000000FF3600A3002AFF6D00A1 // 0, 0, 0, -202, 163, 42, -147, 161,
000000000000FF2E009E0030FF6F00A1 // 0, 0, 0, -210, 158, 48, -145, 161,
000000000000FF2600970037FF7300A1 // 0, 0, 0, -218, 151, 55, -141, 161,
000000000000FF170092003BFF7600A1 // 0, 0, 0, -233, 146, 59, -138, 161,
000000000000FF0B008C003FFF7A00A1 // 0, 0, 0, -245, 140, 63, -134, 161,
000000000000FEFB00860043FF7E00A1 // 0, 0, 0, -261, 134, 67, -130, 161,
000000000000FEEA007F0047FF8200A1 // 0, 0, 0, -278, 127, 71, -126, 161,
000000000000FED800770049FF8700A1 // 0, 0, 0, -296, 119, 73, -121, 161,
000000000000FEC7006F004BFF8B00A1 // 0, 0, 0, -313, 111, 75, -117, 161,
000000000000FEB80067004CFF9000A1 // 0, 0, 0, -328, 103, 76, -112, 161,
000000000000FEAC005E004BFF9500A1 // 0, 0, 0, -340, 94, 75, -107, 161,
000000000000FEA500550048FF9900A1 // 0, 0, 0, -347, 85, 72, -103, 161,
000000000000FE9A004C0046FF9E00A1 // 0, 0, 0, -358, 76, 70, -98, 161,
000000000000FE8C00430048FFA200A1 // 0, 0, 0, -372, 67, 72, -94, 161,
000000000000FE800039004CFFA700A1 // 0, 0, 0, -384, 57, 76, -89, 161,
000000000000FE74002F0055FFAC00A1 // 0, 0, 0, -396, 47, 85, -84, 161,
000000000000FE670024005CFFB100A1 // 0, 0, 0, -409, 36, 92, -79, 161,
000000000000FE6100190065FFB800A1 // 0, 0, 0, -415, 25, 101, -72, 161,
000000000000FE63000F006DFFBE00A1 // 0, 0, 0, -413, 15, 109, -66, 161,
000000000000FE6300040073FFC500A1 // 0, 0, 0, -413, 4, 115, -59, 161,
000000000000FE5FFFF90079FFCD00A1 // 0, 0, 0, -417, -7, 121, -51, 161,
000000000000FE5DFFEE007DFFD500A1 // 0, 0, 0, -419, -18, 125, -43, 161,
000000000000FE5EFFE30080FFDD00A1 // 0, 0, 0, -418, -29, 128, -35, 161,
000000000000FE5EFFD80080FFE500A1 // 0, 0, 0, -418, -40, 128, -27, 161,
000000000000FE64FFCE0081FFEC00A1 // 0, 0, 0, -412, -50, 129, -20, 161,
000000000000FE71FFC30082FFF500A1 // 0, 0, 0, -399, -61, 130, -11, 161,
000000000000FE7DFFB90080FFFD00A1 // 0, 0, 0, -387, -71, 128, -3, 161,
000000000000FE81FFAF007F000500A1 // 0, 0, 0, -383, -81, 127, 5, 161,
000000000000FE83FFA6007B000C00A1 // 0, 0, 0, -381, -90, 123, 12, 161,
000000000000FE89FF9C0075001400A1 // 0, 0, 0, -375, -100, 117, 20, 161,
000000000000FE90FF920079001B00A1 // 0, 0, 0, -368, -110, 121, 27, 161,
000000000000FE9AFF890085002300A1 // 0, 0, 0, -358, -119, 133, 35, 161,
000000000000FEA8FF7F0090002D00A1 // 0, 0, 0, -344, -129, 144, 45, 161,
000000000000FEB1FF770096003500A1 // 0, 0, 0, -335, -137, 150, 53, 161,
000000000000FEBAFF6E0098003F00A1 // 0, 0, 0, -326, -146, 152, 63, 161,
000000000000FEBEFF66009B004900A1 // 0, 0, 0, -322, -154, 155, 73, 161,
000000000000FEC4FF5E009F005200A1 // 0, 0, 0, -316, -162, 159, 82, 161,
000000000000FEC6FF56009F005C00A1 // 0, 0, 0, -314, -170, 159, 92, 161,
000000000000FEC9FF4E009F006600A1 // 0, 0, 0, -311, -178, 159, 102, 161,
000000000000FECDFF4600A2007000A1 // 0, 0, 0, -307, -186, 162, 112, 161,
000000000000FED6FF3D00A0007B00A1 // 0, 0, 0, -298, -195, 160, 123, 161,
000000000000FEDDFF36009E008500A1 // 0, 0, 0, -291, -202, 158, 133, 161,
000000000000FEE0FF2E009C008F00A1 // 0, 0, 0, -288, -210, 156, 143, 161,
000000000000FEDDFF270099009800A1 // 0, 0, 0, -291, -217, 153, 152, 161,
000000000000FEDDFF20009900A100A1 // 0, 0, 0, -291, -224, 153, 161, 161,
000000000000FEE0FF1800A200AB00A1 // 0, 0, 0, -288, -232, 162, 171, 161,
000000000000FEE2FF1100AD00B600A1 // 0, 0, 0, -286, -239, 173, 182, 161,
000000000000FEDDFF0900B600C100A1 // 0, 0, 0, -291, -247, 182, 193, 161,
000000000000FED8FF0100BF00CD00A1 // 0, 0, 0, -296, -255, 191, 205, 161,
000000000000FEDAFEFA00C500D900A1 // 0, 0, 0, -294, -262, 197, 217, 161,
000000000000FEE7FEF200C700E600A1 // 0, 0, 0, -281, -270, 199, 230, 161,
000000000000FEECFEEB00C800F200A1 // 0, 0, 0, -276, -277, 200, 242, 161,
000000000000FEE8FEE100CE010400A1 // 0, 0, 0, -280, -287, 206, 260, 161,
000000000000FEE6FEDD00CE010C00A1 // 0, 0, 0, -282, -291, 206, 268, 161,
000000000000FEE6FED500CD011900A1 // 0, 0, 0, -282, -299, 205, 281, 161,
000000000000FEEAFECE00CD012500A1 // 0, 0, 0, -278, -306, 205, 293, 161,
000000000000FEECFEC700CB013200A1 // 0, 0, 0, -276, -313, 203, 306, 161,
000000000000FEEDFEC000C7013F00A1 // 0, 0, 0, -275, -320, 199, 319, 161,
000000000000FEEEFEB900C2014B00A1 // 0, 0, 0, -274, -327, 194, 331, 161,
000000000000FEF1FEB100C0015700A1 // 0, 0, 0, -271, -335, 192, 343, 161,
000000000000FEF8FEAA00BF016400A1 // 0, 0, 0, -264, -342, 191, 356, 161,
000000000000FEFEFEA400C3017000A1 // 0, 0, 0, -258, -348, 195, 368, 161,
000000000000FF01FE9D00CB017C00A1 // 0, 0, 0, -255, -355, 203, 380, 161,
000000000000FF04FE9700D3018900A1 // 0, 0, 0, -252, -361, 211, 393, 161,
000000000000FF07FE9000D7019600A1 // 0, 0, 0, -249, -368, 215, 406, 161,
000000000000FF06FE8A00DA01A400A1 // 0, 0, 0, -250, -374, 218, 420, 161,
000000000000FF07FE8300DC01B100A1 // 0, 0, 0, -249, -381, 220, 433, 161,
000000000000FF0BFE7D00D601BF00A1 // 0, 0, 0, -245, -387, 214, 447, 161,
000000000000FF09FE7600D001CC00A1 // 0, 0, 0, -247, -394, 208, 460, 161,
000000000000FF0BFE7000C801D900A1 // 0, 0, 0, -245, -400, 200, 473, 161,
000000000000FF16FE6A00BA01E500A1 // 0, 0, 0, -234, -406, 186, 485, 161,
000000000000FF1FFE6400AB01F000A1 // 0, 0, 0, -225, -412, 171, 496, 161,
000000000000FF28FE5E009801FA00A1 // 0, 0, 0, -216, -418, 152, 506, 161,
000000000000FF2AFE590089020300A1 // 0, 0, 0, -214, -423, 137, 515, 161,
000000000000FF30FE530078020B00A1 // 0, 0, 0, -208, -429, 120, 523, 161,
000000000000FF35FE4E0066021200A1 // 0, 0, 0, -203, -434, 102, 530, 161,
000000000000FF37FE490054021800A1 // 0, 0, 0, -201, -439, 84, 536, 161,
000000000000FF3FFE440044021C00A1 // 0, 0, 0, -193, -444, 68, 540, 161,
000000000000FF48FE3F0036022000A1 // 0, 0, 0, -184, -449, 54, 544, 161,
000000000000FF53FE3A002C022300A1 // 0, 0, 0, -173, -454, 44, 547, 161,
000000000000FF62FE360020022500A1 // 0, 0, 0, -158, -458, 32, 549, 161,
000000000000FF71FE320012022700A1 // 0, 0, 0, -143, -462, 18, 551, 161,
000000000000FF85FE2E0002022700A1 // 0, 0, 0, -123, -466, 2, 551, 161,
000000000000FFA0FE2CFFF0022600A1 // 0, 0, 0, -96, -468, -16, 550, 161,
000000000000FFBCFE2AFFDF022500A1 // 0, 0, 0, -68, -470, -33, 549, 161,
000000000000FFDDFE28FFCD022200A1 // 0, 0, 0, -35, -472, -51, 546, 161,
000000000000FFFCFE28FFBE021E00A1 // 0, 0, 0, -4, -472, -66, 542, 161,
0000000000000017FE28FFB3021900A1 // 0, 0, 0, 23, -472, -77, 537, 161,
000000000000002FFE29FFA9021400A1 // 0, 0, 0, 47, -471, -87, 532, 161,
000000000000004AFE2BFFA4020E00A1 // 0, 0, 0, 74, -469, -92, 526, 161,
000000000000006BFE2DFFA0020800A1 // 0, 0, 0, 107, -467, -96, 520, 161,
0000000000000090FE31FF9B020100A1 // 0, 0, 0, 144, -463, -101, 513, 161,
00000000000000B0FE35FF9501F900A1 // 0, 0, 0, 176, -459, -107, 505, 161,
00000000000000D6FE3AFF9301F100A1 // 0, 0, 0, 214, -454, -109, 497, 161,
00000000000000FAFE40FF9001E800A1 // 0, 0, 0, 250, -448, -112, 488, 161,
0000000000000120FE47FF9001DD00A1 // 0, 0, 0, 288, -441, -112, 477, 161,
000000000000013EFE4FFF8F01D200A1 // 0, 0, 0, 318, -433, -113, 466, 161,
000000000000015EFE58FF9201C500A1 // 0, 0, 0, 350, -424, -110, 453, 161,
0000000000000177FE61FF9701B800A1 // 0, 0, 0, 375, -415, -105, 440, 161,
000000000000018CFE6BFF9A01AA00A1 // 0, 0, 0, 396, -405, -102, 426, 161,
00000000000001ADFE77FF9E019900A1 // 0, 0, 0, 429, -393, -98, 409, 161,
00000000000001C3FE82FF9B018900A1 // 0, 0, 0, 451, -382, -101, 393, 161,
00000000000001DAFE8EFF94017700A1 // 0, 0, 0, 474, -370, -108, 375, 161,
00000000000001EAFE9CFF8D016300A1 // 0, 0, 0, 490, -356, -115, 355, 161,
00000000000001F6FEA7FF83015200A1 // 0, 0, 0, 502, -345, -125, 338, 161,
0000000000000200FEB4FF7D014000A1 // 0, 0, 0, 512, -332, -131, 320, 161,
000000000000020AFEC1FF79012E00A1 // 0, 0, 0, 522, -319, -135, 302, 161,
0000000000000214FECFFF72011C00A1 // 0, 0, 0, 532, -305, -142, 284, 161,
000000000000021CFEDDFF70010B00A1 // 0, 0, 0, 540, -291, -144, 267, 161,
000000000000021CFEEBFF6D00FB00A1 // 0, 0, 0, 540, -277, -147, 251, 161,
000000000000021CFEF9FF6E00EC00A1 // 0, 0, 0, 540, -263, -146, 236, 161,
000000000000021CFF07FF6B00DF00A1 // 0, 0, 0, 540, -249, -149, 223, 161,
000000000000021CFF15FF6900D300A1 // 0, 0, 0, 540, -235, -151, 211, 161,
0000000000000219FF23FF6C00C800A1 // 0, 0, 0, 537, -221, -148, 200, 161,
0000000000000213FF31FF6900BE00A1 // 0, 0, 0, 531, -207, -151, 190, 161,
000000000000020AFF3EFF6900B500A1 // 0, 0, 0, 522, -194, -151, 181, 161,
0000000000000209FF4CFF6E00AD00A1 // 0, 0, 0, 521, -180, -146, 173, 161,
0000000000000203FF5AFF7100A600A1 // 0, 0, 0, 515, -166, -143, 166, 161,
00000000000001FAFF66FF7400A000A1 // 0, 0, 0, 506, -154, -140, 160, 161,
00000000000001F4FF74FF71009A00A1 // 0, 0, 0, 500, -140, -143, 154, 161,
00000000000001E5FF82FF73009400A1 // 0, 0, 0, 485, -126, -141, 148, 161,
00000000000001DBFF8DFF6F008E00A1 // 0, 0, 0, 475, -115, -145, 142, 161,
00000000000001D5FF9AFF6F008800A1 // 0, 0, 0, 469, -102, -145, 136, 161,
00000000000001CFFFA5FF75008300A1 // 0, 0, 0, 463, -91, -139, 131, 161,
00000000000001C1FFB1FF79007D00A1 // 0, 0, 0, 449, -79, -135, 125, 161,
00000000000001B8FFBCFF7C007700A1 // 0, 0, 0, 440, -68, -132, 119, 161,
00000000000001A9FFC8FF83007200A1 // 0, 0, 0, 425, -56, -125, 114, 161,
000000000000019DFFD2FF93006D00A1 // 0, 0, 0, 413, -46, -109, 109, 161,
0000000000000193FFDDFF9B006800A1 // 0, 0, 0, 403, -35, -101, 104, 161,
000000000000018BFFE7FF9B006400A1 // 0, 0, 0, 395, -25, -101, 100, 161,
0000000000000183FFF1FFA2005F00A1 // 0, 0, 0, 387, -15, -94, 95, 161,
0000000000000177FFFBFFA9005B00A1 // 0, 0, 0, 375, -5, -87, 91, 161,
00000000000001680005FFA9005600A1 // 0, 0, 0, 360, 5, -87, 86, 161,
000000000000015D000EFFAC005200A1 // 0, 0, 0, 349, 14, -84, 82, 161,
00000000000001510017FFB0004D00A1 // 0, 0, 0, 337, 23, -80, 77, 161,
0000000000000147001FFFB4004900A1 // 0, 0, 0, 327, 31, -76, 73, 161,
000000000000013D0027FFB9004400A1 // 0, 0, 0, 317, 39, -71, 68, 161,
00000000000001330030FFBC004000A1 // 0, 0, 0, 307, 48, -68, 64, 161,
000000000000012B0037FFBE003C00A1 // 0, 0, 0, 299, 55, -66, 60, 161,
0000000000000120003FFFBF003800A1 // 0, 0, 0, 288, 63, -65, 56, 161,
00000000000001150047FFBE003300A1 // 0, 0, 0, 277, 71, -66, 51, 161,
0000000000000108004EFFBB002F00A1 // 0, 0, 0, 264, 78, -69, 47, 161,
00000000000000FB0054FFB8002A00A1 // 0, 0, 0, 251, 84, -72, 42, 161,
00000000000000F2005AFFB7002500A1 // 0, 0, 0, 242, 90, -73, 37, 161,
00000000000000EA0061FFB5002000A1 // 0, 0, 0, 234, 97, -75, 32, 161,
00000000000000E30066FFB6001B00A1 // 0, 0, 0, 227, 102, -74, 27, 161,
00000000000000DA006CFFB3001600A1 // 0, 0, 0, 218, 108, -77, 22, 161,
00000000000000D60072FFB3001000A1 // 0, 0, 0, 214, 114, -77, 16, 161,
00000000000000CD0077FFB1000B00A1 // 0, 0, 0, 205, 119, -79, 11, 161,
00000000000000C6007CFFB0000500A1 // 0, 0, 0, 198, 124, -80, 5, 161,
00000000000000C00081FFAE000000A1 // 0, 0, 0, 192, 129, -82, 0, 161,
00000000000000B80086FFAEFFFA00A1 // 0, 0, 0, 184, 134, -82, -6, 161,
00000000000000B0008BFFABFFF400A1 // 0, 0, 0, 176, 139, -85, -12, 161,
00000000000000A30091FFAAFFEC00A1 // 0, 0, 0, 163, 145, -86, -20, 161,
000000000000009D0093FFA5FFE900A1 // 0, 0, 0, 157, 147, -91, -23, 161,
00000000000000930098FFA5FFE300A1 // 0, 0, 0, 147, 152, -91, -29, 161,
0000000000000089009BFFA6FFDD00A1 // 0, 0, 0, 137, 155, -90, -35, 161,
0000000000000083009EFFA6FFD700A1 // 0, 0, 0, 131, 158, -90, -41, 161,
000000000000007E00A2FFA7FFD100A1 // 0, 0, 0, 126, 162, -89, -47, 161,
000000000000007900A5FFA8FFCB00A1 // 0, 0, 0, 121, 165, -88, -53, 161,
000000000000007600A8FFA9FFC500A1 // 0, 0, 0, 118, 168, -87, -59, 161,
000000000000007300ABFFA9FFBF00A1 // 0, 0, 0, 115, 171, -87, -65, 161,
000000000000006F00AEFFABFFB900A1 // 0, 0, 0, 111, 174, -85, -71, 161,
000000000000006C00B1FFADFFB400A1 // 0, 0, 0, 108, 177, -83, -76, 161,
000000000000006900B4FFB2FFAF00A1 // 0, 0, 0, 105, 180, -78, -81, 161,
000000000000006500B6FFB5FFAA00A1 // 0, 0, 0, 101, 182, -75, -86, 161,
000000000000006300B9FFB8FFA500A1 // 0, 0, 0, 99, 185, -72, -91, 161,
000000000000005E00BBFFBDFFA000A1 // 0, 0, 0, 94, 187, -67, -96, 161,
000000000000005A00BEFFBEFF9C00A1 // 0, 0, 0, 90, 190, -66, -100, 161,
000000000000005700C0FFBBFF9700A1 // 0, 0, 0, 87, 192, -69, -105, 161,
000000000000005300C2FFBBFF9300A1 // 0, 0, 0, 83, 194, -69, -109, 161,
000000000000005000C4FFBAFF8E00A1 // 0, 0, 0, 80, 196, -70, -114, 161,
000000000000004B00C6FFBBFF8A00A1 // 0, 0, 0, 75, 198, -69, -118, 161,
000000000000004800C8FFB9FF8500A1 // 0, 0, 0, 72, 200, -71, -123, 161,
000000000000004500CAFFBBFF8000A1 // 0, 0, 0, 69, 202, -69, -128, 161,
000000000000004300CCFFBAFF7C00A1 // 0, 0, 0, 67, 204, -70, -132, 161,
000000000000003F00CDFFB9FF7700A1 // 0, 0, 0, 63, 205, -71, -137, 161,
000000000000003D00CFFFBCFF7300A1 // 0, 0, 0, 61, 207, -68, -141, 161,
000000000000003700D0FFBDFF6E00A1 // 0, 0, 0, 55, 208, -67, -146, 161,
000000000000003400D2FFC0FF6A00A1 // 0, 0, 0, 52, 210, -64, -150, 161,
000000000000002E00D3FFC1FF6600A1 // 0, 0, 0, 46, 211, -63, -154, 161,
000000000000002C00D4FFC1FF6200A1 // 0, 0, 0, 44, 212, -63, -158, 161,
000000000000002700D5FFC4FF5E00A1 // 0, 0, 0, 39, 213, -60, -162, 161,
000000000000002300D6FFC4FF5A00A1 // 0, 0, 0, 35, 214, -60, -166, 161,
000000000000002000D7FFC8FF5600A1 // 0, 0, 0, 32, 215, -56, -170, 161,
000000000000001A00D8FFCAFF5300A1 // 0, 0, 0, 26, 216, -54, -173, 161,
000000000000001800D8FFCBFF4F00A1 // 0, 0, 0, 24, 216, -53, -177, 161,
000000000000001400D9FFCEFF4C00A1 // 0, 0, 0, 20, 217, -50, -180, 161,
000000000000001100D9FFCFFF4900A1 // 0, 0, 0, 17, 217, -49, -183, 161,
000000000000000F00DAFFD1FF4500A1 // 0, 0, 0, 15, 218, -47, -187, 161,
000000000000000D00DAFFD2FF4200A1 // 0, 0, 0, 13, 218, -46, -190, 161,
000000000000000B00DAFFD4FF4000A1 // 0, 0, 0, 11, 218, -44, -192, 161,
000000000000000A00DBFFD6FF3D00A1 // 0, 0, 0, 10, 219, -42, -195, 161,
000000000000000900DBFFD8FF3A00A1 // 0, 0, 0, 9, 219, -40, -198, 161,
000000000000000700DBFFDBFF3800A1 // 0, 0, 0, 7, 219, -37, -200, 161,
000000000000000700DBFFDDFF3500A1 // 0, 0, 0, 7, 219, -35, -203, 161,
000000000000000600DBFFDFFF3300A1 // 0, 0, 0, 6, 219, -33, -205, 161,
000000000000000500DCFFE2FF3100A1 // 0, 0, 0, 5, 220, -30, -207, 161,
000000000000000500DCFFE3FF2F00A1 // 0, 0, 0, 5, 220, -29, -209, 161,
000000000000000400DCFFE6FF2D00A1 // 0, 0, 0, 4, 220, -26, -211, 161,
000000000000000300DCFFE8FF2C00A1 // 0, 0, 0, 3, 220, -24, -212, 161,
000000000000000300DCFFEBFF2A00A1 // 0, 0, 0, 3, 220, -21, -214, 161,
000000000000000200DCFFEEFF2900A1 // 0, 0, 0, 2, 220, -18, -215, 161,
000000000000000200DCFFF0FF2800A1 // 0, 0, 0, 2, 220, -16, -216, 161,
000000000000000400DCFFF2FF2700A1 // 0, 0, 0, 4, 220, -14, -217, 161,
000000000000000B00DCFFF6FF2600A1 // 0, 0, 0, 11, 220, -10, -218, 161,
000000000000001100DDFFFCFF2500A1 // 0, 0, 0, 17, 221, -4, -219, 161,
000000000000001100DD0006FF2500A1 // 0, 0, 0, 17, 221, 6, -219, 161,
000000000000000E00DE000BFF2600A1 // 0, 0, 0, 14, 222, 11, -218, 161,
000000000000000E00DE000DFF2600A1 // 0, 0, 0, 14, 222, 13, -218, 161,
000000000000000E00DE000DFF2700A1 // 0, 0, 0, 14, 222, 13, -217, 161,
000000000000000F00DF000BFF2800A1 // 0, 0, 0, 15, 223, 11, -216, 161,
000000000000001200DF000AFF2800A1 // 0, 0, 0, 18, 223, 10, -216, 161,
000000000000001300E0000CFF2900A1 // 0, 0, 0, 19, 224, 12, -215, 161,
000000000000001300E0000EFF2900A1 // 0, 0, 0, 19, 224, 14, -215, 161,
000000000000001300E1000FFF2A00A1 // 0, 0, 0, 19, 225, 15, -214, 161,
000000000000001300E10010FF2B00A1 // 0, 0, 0, 19, 225, 16, -213, 161,
000000000000001400E20010FF2C00A1 // 0, 0, 0, 20, 226, 16, -212, 161,
000000000000001400E20011FF2D00A1 // 0, 0, 0, 20, 226, 17, -211, 161,
000000000000001200E20011FF2E00A1 // 0, 0, 0, 18, 226, 17, -210, 161,
000000000000001100E30013FF2F00A1 // 0, 0, 0, 17, 227, 19, -209, 161,
000000000000000F00E30013FF3000A1 // 0, 0, 0, 15, 227, 19, -208, 161,
000000000000000B00E40017FF3100A1 // 0, 0, 0, 11, 228, 23, -207, 161,
000000000000000700E40018FF3200A1 // 0, 0, 0, 7, 228, 24, -206, 161,
000000000000000300E4001AFF3400A1 // 0, 0, 0, 3, 228, 26, -204, 161,
000000000000FFFE00E4001BFF3500A1 // 0, 0, 0, -2, 228, 27, -203, 161,
000000000000FFFE00E4001BFF3700A1 // 0, 0, 0, -2, 228, 27, -201, 161,
000000000000FFFE00E4001AFF3800A1 // 0, 0, 0, -2, 228, 26, -200, 161,
000000000000FFFD00E40018FF3A00A1 // 0, 0, 0, -3, 228, 24, -198, 161,
000000000000FFFB00E40015FF3B00A1 // 0, 0, 0, -5, 228, 21, -197, 161,
000000000000FFF800E40013FF3C00A1 // 0, 0, 0, -8, 228, 19, -196, 161,
000000000000FFF500E30010FF3D00A1 // 0, 0, 0, -11, 227, 16, -195, 161,
000000000000FFF000E3000EFF3E00A1 // 0, 0, 0, -16, 227, 14, -194, 161,
000000000000FFEB00E2000CFF3F00A1 // 0, 0, 0, -21, 226, 12, -193, 161,
000000000000FFE500E2000AFF3F00A1 // 0, 0, 0, -27, 226, 10, -193, 161,
000000000000FFDF00E10008FF4000A1 // 0, 0, 0, -33, 225, 8, -192, 161,
000000000000FFD900E00006FF4000A1 // 0, 0, 0, -39, 224, 6, -192, 161,
000000000000FFD000DF0004FF4000A1 // 0, 0, 0, -48, 223, 4, -192, 161,
000000000000FFC700DD0004FF4000A1 // 0, 0, 0, -57, 221, 4, -192, 161,
000000000000FFBD00DC0004FF4100A1 // 0, 0, 0, -67, 220, 4, -191, 161,
000000000000FFB400DA0004FF4100A1 // 0, 0, 0, -76, 218, 4, -191, 161,
000000000000FFA900D80005FF4100A1 // 0, 0, 0, -87, 216, 5, -191, 161,
000000000000FF9D00D50006FF4100A1 // 0, 0, 0, -99, 213, 6, -191, 161,
000000000000FF9000D30006FF4200A1 // 0, 0, 0, -112, 211, 6, -190, 161,
000000000000FF8600D00007FF4200A1 // 0, 0, 0, -122, 208, 7, -190, 161,
000000000000FF7900CC0007FF4200A1 // 0, 0, 0, -135, 204, 7, -190, 161,
000000000000FF6D00C90008FF4300A1 // 0, 0, 0, -147, 201, 8, -189, 161,
000000000000FF6200C50009FF4300A1 // 0, 0, 0, -158, 197, 9, -189, 161,
000000000000FF5600C0000BFF4400A1 // 0, 0, 0, -170, 192, 11, -188, 161,
000000000000FF4C00BC000CFF4400A1 // 0, 0, 0, -180, 188, 12, -188, 161,
000000000000FF4200B7000EFF4500A1 // 0, 0, 0, -190, 183, 14, -187, 161,
000000000000FF3700B20011FF4600A1 // 0, 0, 0, -201, 178, 17, -186, 161,
000000000000FF2E00AC0013FF4700A1 // 0, 0, 0, -210, 172, 19, -185, 161,
000000000000FF2900A70015FF4800A1 // 0, 0, 0, -215, 167, 21, -184, 161,
000000000000FF2700A30017FF4900A1 // 0, 0, 0, -217, 163, 23, -183, 161,
000000000000FF1F009C0019FF4B00A1 // 0, 0, 0, -225, 156, 25, -181, 161,
000000000000FF1A0096001CFF4D00A1 // 0, 0, 0, -230, 150, 28, -179, 161,
000000000000FF1300900020FF4E00A1 // 0, 0, 0, -237, 144, 32, -178, 161,
000000000000FF0700890023FF5000A1 // 0, 0, 0, -249, 137, 35, -176, 161,
000000000000FEFB00830027FF5300A1 // 0, 0, 0, -261, 131, 39, -173, 161,
000000000000FEEE007C002BFF5500A1 // 0, 0, 0, -274, 124, 43, -171, 161,
000000000000FEE300740030FF5800A1 // 0, 0, 0, -285, 116, 48, -168, 161,
000000000000FED7006C0035FF5B00A1 // 0, 0, 0, -297, 108, 53, -165, 161,
000000000000FED10065003AFF5F00A1 // 0, 0, 0, -303, 101, 58, -161, 161,
000000000000FECC005D0040FF6200A1 // 0, 0, 0, -308, 93, 64, -158, 161,
000000000000FECB00550047FF6700A1 // 0, 0, 0, -309, 85, 71, -153, 161,
000000000000FEC3004C004DFF6B00A1 // 0, 0, 0, -317, 76, 77, -149, 161,
000000000000FEBB00440053FF7100A1 // 0, 0, 0, -325, 68, 83, -143, 161,
000000000000FEAC003C0059FF7600A1 // 0, 0, 0, -340, 60, 89, -138, 161,
000000000000FEA500330060FF7C00A1 // 0, 0, 0, -347, 51, 96, -132, 161,
000000000000FE9A002A0063FF8200A1 // 0, 0, 0, -358, 42, 99, -126, 161,
000000000000FE9000200066FF8800A1 // 0, 0, 0, -368, 32, 102, -120, 161,
000000000000FE900017006AFF8F00A1 // 0, 0, 0, -368, 23, 106, -113, 161,
000000000000FE93000D006BFF9500A1 // 0, 0, 0, -365, 13, 107, -107, 161,
000000000000FE910004006FFF9C00A1 // 0, 0, 0, -367, 4, 111, -100, 161,
000000000000FE89FFFA0076FFA300A1 // 0, 0, 0, -375, -6, 118, -93, 161,
000000000000FE82FFF0007FFFAB00A1 // 0, 0, 0, -382, -16, 127, -85, 161,
000000000000FE7DFFE60087FFB300A1 // 0, 0, 0, -387, -26, 135, -77, 161,
000000000000FE7BFFDC008FFFBC00A1 // 0, 0, 0, -389, -36, 143, -68, 161,
000000000000FE7BFFD20091FFC500A1 // 0, 0, 0, -389, -46, 145, -59, 161,
000000000000FE7FFFC80094FFCE00A1 // 0, 0, 0, -385, -56, 148, -50, 161,
000000000000FE86FFBE0096FFD800A1 // 0, 0, 0, -378, -66, 150, -40, 161,
000000000000FE86FFB40094FFE100A1 // 0, 0, 0, -378, -76, 148, -31, 161,
000000000000FE85FFAA0090FFEA00A1 // 0, 0, 0, -379, -86, 144, -22, 161,
000000000000FE85FFA0008FFFF300A1 // 0, 0, 0, -379, -96, 143, -13, 161,
000000000000FE84FF970087FFFC00A1 // 0, 0, 0, -380, -105, 135, -4, 161,
000000000000FE88FF8D0083000400A1 // 0, 0, 0, -376, -115, 131, 4, 161,
000000000000FE90FF84007B000C00A1 // 0, 0, 0, -368, -124, 123, 12, 161,
000000000000FE98FF7A0079001300A1 // 0, 0, 0, -360, -134, 121, 19, 161,
000000000000FE9FFF71007E001B00A1 // 0, 0, 0, -353, -143, 126, 27, 161,
000000000000FEA5FF680083002300A1 // 0, 0, 0, -347, -152, 131, 35, 161,
000000000000FEA7FF5F0086002C00A1 // 0, 0, 0, -345, -161, 134, 44, 161,
000000000000FEA9FF56008C003500A1 // 0, 0, 0, -343, -170, 140, 53, 161,
000000000000FEAFFF4D008E003D00A1 // 0, 0, 0, -337, -179, 142, 61, 161,
000000000000FEB4FF450090004600A1 // 0, 0, 0, -332, -187, 144, 70, 161,
000000000000FEC3FF3C0091004F00A1 // 0, 0, 0, -317, -196, 145, 79, 161,
000000000000FECCFF340093005800A1 // 0, 0, 0, -308, -204, 147, 88, 161,
000000000000FED4FF2C0094006100A1 // 0, 0, 0, -300, -212, 148, 97, 161,
000000000000FED7FF240094006A00A1 // 0, 0, 0, -297, -220, 148, 106, 161,
000000000000FED7FF1D0097007400A1 // 0, 0, 0, -297, -227, 151, 116, 161,
000000000000FED8FF150099007D00A1 // 0, 0, 0, -296, -235, 153, 125, 161,
000000000000FEDFFF0D0098008700A1 // 0, 0, 0, -289, -243, 152, 135, 161,
000000000000FEDDFF06009A009100A1 // 0, 0, 0, -291, -250, 154, 145, 161,
000000000000FEDCFEFE009C009A00A1 // 0, 0, 0, -292, -258, 156, 154, 161,
000000000000FEE3FEF7009C00A400A1 // 0, 0, 0, -285, -265, 156, 164, 161,
000000000000FEEFFEEF009900AE00A1 // 0, 0, 0, -273, -273, 153, 174, 161,
000000000000FEF3FEE9009B00B700A1 // 0, 0, 0, -269, -279, 155, 183, 161,
000000000000FEF4FEE200A300C100A1 // 0, 0, 0, -268, -286, 163, 193, 161,
000000000000FEEEFEDB00B100CC00A1 // 0, 0, 0, -274, -293, 177, 204, 161,
000000000000FEECFED400C100D800A1 // 0, 0, 0, -276, -300, 193, 216, 161,
000000000000FEE9FECC00CE00E400A1 // 0, 0, 0, -279, -308, 206, 228, 161,
000000000000FEE6FEC500D600F100A1 // 0, 0, 0, -282, -315, 214, 241, 161,
000000000000FEE6FEBE00DE00FF00A1 // 0, 0, 0, -282, -322, 222, 255, 161,
000000000000FEE8FEB600E4010D00A1 // 0, 0, 0, -280, -330, 228, 269, 161,
000000000000FEF0FEAF00E4011C00A1 // 0, 0, 0, -272, -337, 228, 284, 161,
000000000000FEF6FEA800E4012A00A1 // 0, 0, 0, -266, -344, 228, 298, 161,
000000000000FEFAFEA200E6013800A1 // 0, 0, 0, -262, -350, 230, 312, 161,
000000000000FEFEFE9A00E5014800A1 // 0, 0, 0, -258, -358, 229, 328, 161,
000000000000FEFAFE9400E7015500A1 // 0, 0, 0, -262, -364, 231, 341, 161,
000000000000FEFBFE8D00E7016400A1 // 0, 0, 0, -261, -371, 231, 356, 161,
000000000000FEF7FE8600E2017200A1 // 0, 0, 0, -265, -378, 226, 370, 161,
000000000000FEF3FE7F00DA018100A1 // 0, 0, 0, -269, -385, 218, 385, 161,
000000000000FEEFFE7800D3018F00A1 // 0, 0, 0, -273, -392, 211, 399, 161,
000000000000FEF2FE7100CB019B00A1 // 0, 0, 0, -270, -399, 203, 411, 161,
000000000000FEF5FE6A00C601A800A1 // 0, 0, 0, -267, -406, 198, 424, 161,
000000000000FEF9FE6300C701B400A1 // 0, 0, 0, -263, -413, 199, 436, 161,
000000000000FEF9FE5C00CB01C100A1 // 0, 0, 0, -263, -420, 203, 449, 161,
000000000000FEF7FE5600CB01CE00A1 // 0, 0, 0, -265, -426, 203, 462, 161,
000000000000FEF4FE4F00C501DA00A1 // 0, 0, 0, -268, -433, 197, 474, 161,
000000000000FEF3FE4800BE01E600A1 // 0, 0, 0, -269, -440, 190, 486, 161,
000000000000FEF3FE4100B301F200A1 // 0, 0, 0, -269, -447, 179, 498, 161,
000000000000FEF4FE3A00A201FC00A1 // 0, 0, 0, -268, -454, 162, 508, 161,
000000000000FEF7FE33008F020600A1 // 0, 0, 0, -265, -461, 143, 518, 161,
000000000000FEFEFE2C007A020E00A1 // 0, 0, 0, -258, -468, 122, 526, 161,
000000000000FF04FE260066021500A1 // 0, 0, 0, -252, -474, 102, 533, 161,
000000000000FF14FE1F004E021B00A1 // 0, 0, 0, -236, -481, 78, 539, 161,
000000000000FF24FE1A0036021F00A1 // 0, 0, 0, -220, -486, 54, 543, 161,
000000000000FF32FE14001E022100A1 // 0, 0, 0, -206, -492, 30, 545, 161,
000000000000FF3EFE0F000A022200A1 // 0, 0, 0, -194, -497, 10, 546, 161,
000000000000FF4DFE0AFFB7028EFE68 // 0, 0, 0, -179, -502, -73, 654, -408,
000000000000FF5CFE06FF7F0282FE68 // 0, 0, 0, -164, -506, -129, 642, -408,
000000000000FF73FE02FF4C0272FE68 // 0, 0, 0, -141, -510, -180, 626, -408,
000000000000FF90FDFEFF1E025EFE68 // 0, 0, 0, -112, -514, -226, 606, -408,
000000000000FFACFDFCFEF20246FE68 // 0, 0, 0, -84, -516, -270, 582, -408,
000000000000FFD2FDFBFECD022CFE68 // 0, 0, 0, -46, -517, -307, 556, -408,
000000000000FFFCFDFAFEAB020FFE68 // 0, 0, 0, -4, -518, -341, 527, -408,
000000000000001FFDFBFE8A01F0FE68 // 0, 0, 0, 31, -517, -374, 496, -408,
0000000000000042FDFCFE6D01CEFE68 // 0, 0, 0, 66, -516, -403, 462, -408,
000000000000006BFDFEFE4B01ABFE68 // 0, 0, 0, 107, -514, -437, 427, -408,
0000000000000095FE02FE310186FE68 // 0, 0, 0, 149, -510, -463, 390, -408,
00000000000000C9FE06FE2B0160FE68 // 0, 0, 0, 201, -506, -469, 352, -408,
00000000000000F2FE0CFE29013BFE68 // 0, 0, 0, 242, -500, -471, 315, -408,
000000000000011CFE13FE2E0116FE68 // 0, 0, 0, 284, -493, -466, 278, -408,
0000000000000147FE1BFE3B00F2FE68 // 0, 0, 0, 327, -485, -453, 242, -408,
0000000000000170FE24FE4200CEFE68 // 0, 0, 0, 368, -476, -446, 206, -408,
0000000000000193FE2EFE4100ACFE68 // 0, 0, 0, 403, -466, -447, 172, -408,
00000000000001BEFE3AFE4E008EFE68 // 0, 0, 0, 446, -454, -434, 142, -408,
00000000000001D7FE45FE450068FE68 // 0, 0, 0, 471, -443, -443, 104, -408,
00000000000001EDFE52FE3D0047FE68 // 0, 0, 0, 493, -430, -451, 71, -408,
0000000000000200FE5FFE460025FE68 // 0, 0, 0, 512, -417, -442, 37, -408,
000000000000020DFE6DFE440004FE68 // 0, 0, 0, 525, -403, -444, 4, -408,
0000000000000221FE7BFE51FFE7FE68 // 0, 0, 0, 545, -389, -431, -25, -408,
000000000000022EFE88FE57FFC5FE68 // 0, 0, 0, 558, -376, -425, -59, -408,
0000000000000235FE98FE53FFA6FE68 // 0, 0, 0, 565, -360, -429, -90, -408,
000000000000023EFEA7FE59FF88FE68 // 0, 0, 0, 574, -345, -423, -120, -408,
000000000000023EFEB5FE6EFF6BFE68 // 0, 0, 0, 574, -331, -402, -149, -408,
0000000000000246FEC4FE80FF50FE68 // 0, 0, 0, 582, -316, -384, -176, -408,
000000000000024AFED4FE8CFF3CFE68 // 0, 0, 0, 586, -300, -372, -196, -408,
000000000000024AFEE2FE93FF1AFE68 // 0, 0, 0, 586, -286, -365, -230, -408,
0000000000000243FEF1FEAAFF02FE68 // 0, 0, 0, 579, -271, -342, -254, -408,
0000000000000240FF00FEB8FEEBFE68 // 0, 0, 0, 576, -256, -328, -277, -408,
000000000000023AFF0FFECDFED5FE68 // 0, 0, 0, 570, -241, -307, -299, -408,
0000000000000237FF1DFEEBFEC1FE68 // 0, 0, 0, 567, -227, -277, -319, -408,
0000000000000230FF2CFF0BFEAFFE68 // 0, 0, 0, 560, -212, -245, -337, -408,
0000000000000225FF3AFF31FE9FFE68 // 0, 0, 0, 549, -198, -207, -353, -408,
000000000000021EFF49FF4FFE96FE68 // 0, 0, 0, 542, -183, -177, -362, -408,
0000000000000218FF56FF68FE86FE68 // 0, 0, 0, 536, -170, -152, -378, -408,
000000000000020CFF64FF90FE7DFE68 // 0, 0, 0, 524, -156, -112, -387, -408,
0000000000000206FF72FFB1FE76FE68 // 0, 0, 0, 518, -142, -79, -394, -408,
00000000000001F9FF7FFFD6FE72FE68 // 0, 0, 0, 505, -129, -42, -398, -408,
00000000000001EAFF8CFFF1FE6FFE68 // 0, 0, 0, 490, -116, -15, -401, -408,
00000000000001E1FF990010FE72FE68 // 0, 0, 0, 481, -103, 16, -398, -408,
00000000000001DAFFA50032FE74FE68 // 0, 0, 0, 474, -91, 50, -396, -408,
00000000000001CBFFB10040FE73FE68 // 0, 0, 0, 459, -79, 64, -397, -408,
00000000000001C2FFBC0066FE78FE68 // 0, 0, 0, 450, -68, 102, -392, -408,
00000000000001B1FFC80071FE7EFE68 // 0, 0, 0, 433, -56, 113, -386, -408,
00000000000001A4FFD3008EFE85FE68 // 0, 0, 0, 420, -45, 142, -379, -408,
000000000000019AFFDD00A6FE8FFE68 // 0, 0, 0, 410, -35, 166, -369, -408,
0000000000000190FFE800BBFE99FE68 // 0, 0, 0, 400, -24, 187, -359, -408,
0000000000000188FFF200CFFEA5FE68 // 0, 0, 0, 392, -14, 207, -347, -408,
0000000000000179FFFC00D9FEB2FE68 // 0, 0, 0, 377, -4, 217, -334, -408,
000000000000016B000600F3FEC0FE68 // 0, 0, 0, 363, 6, 243, -320, -408,
000000000000015D000F00FAFED1FE68 // 0, 0, 0, 349, 15, 250, -303, -408,
000000000000015200180107FEDFFE68 // 0, 0, 0, 338, 24, 263, -289, -408,
000000000000014800200111FEEFFE68 // 0, 0, 0, 328, 32, 273, -273, -408,
000000000000013E00290119FF00FE68 // 0, 0, 0, 318, 41, 281, -256, -408,
00000000000001330031011DFF11FE68 // 0, 0, 0, 307, 49, 285, -239, -408,
00000000000001290039011BFF23FE68 // 0, 0, 0, 297, 57, 283, -221, -408,
00000000000001200040011DFF34FE68 // 0, 0, 0, 288, 64, 285, -204, -408,
000000000000011400470125FF46FE68 // 0, 0, 0, 276, 71, 293, -186, -408,
0000000000000107004E0130FF58FE68 // 0, 0, 0, 263, 78, 304, -168, -408,
00000000000000F900550138FF6BFE68 // 0, 0, 0, 249, 85, 312, -149, -408,
00000000000000F0005B014EFF7FFE68 // 0, 0, 0, 240, 91, 334, -129, -408,
00000000000000E70062015CFF94FE68 // 0, 0, 0, 231, 98, 348, -108, -408,
00000000000000E200670172FFABFE68 // 0, 0, 0, 226, 103, 370, -85, -408,
00000000000000D9006D0175FFC2FE68 // 0, 0, 0, 217, 109, 373, -62, -408,
00000000000000D100730168FFD5FE68 // 0, 0, 0, 209, 115, 360, -43, -408,
00000000000000CB00780175FFF0FE68 // 0, 0, 0, 203, 120, 373, -16, -408,
00000000000000C5007D01710007FE68 // 0, 0, 0, 197, 125, 369, 7, -408,
00000000000000BD00820171001DFE68 // 0, 0, 0, 189, 130, 369, 29, -408,
00000000000000B60087016E0034FE68 // 0, 0, 0, 182, 135, 366, 52, -408,
00000000000000AD008B0168004AFE68 // 0, 0, 0, 173, 139, 360, 74, -408,
00000000000000A4009001640060FE68 // 0, 0, 0, 164, 144, 356, 96, -408,
000000000000009B009401500075FE68 // 0, 0, 0, 155, 148, 336, 117, -408,
000000000000009000980144008AFE68 // 0, 0, 0, 144, 152, 324, 138, -408,
0000000000000087009B013E009DFE68 // 0, 0, 0, 135, 155, 318, 157, -408,
0000000000000082009F013500B0FE68 // 0, 0, 0, 130, 159, 309, 176, -408,
000000000000007C00A2011600C2FE68 // 0, 0, 0, 124, 162, 278, 194, -408,
000000000000007800A5010C00D3FE68 // 0, 0, 0, 120, 165, 268, 211, -408,
000000000000007600A800F300E2FE68 // 0, 0, 0, 118, 168, 243, 226, -408,
000000000000007300AB00DC00F0FE68 // 0, 0, 0, 115, 171, 220, 240, -408,
000000000000006E00AE00B500F8FE68 // 0, 0, 0, 110, 174, 181, 248, -408,
000000000000006E00B100B10108FE68 // 0, 0, 0, 110, 177, 177, 264, -408,
000000000000006900B4009B010EFE68 // 0, 0, 0, 105, 180, 155, 270, -408,
000000000000006600B6007F011CFE68 // 0, 0, 0, 102, 182, 127, 284, -408,
000000000000006400B900740123FE68 // 0, 0, 0, 100, 185, 116, 291, -408,
000000000000006000BB00510129FE68 // 0, 0, 0, 96, 187, 81, 297, -408,
000000000000005A00BE003B012DFE68 // 0, 0, 0, 90, 190, 59, 301, -408,
000000000000005700C000230130FE68 // 0, 0, 0, 87, 192, 35, 304, -408,
000000000000005300C200060131FE68 // 0, 0, 0, 83, 194, 6, 305, -408,
000000000000004D00C4FFF10130FE68 // 0, 0, 0, 77, 196, -15, 304, -408,
000000000000004B00C6FFD2012EFE68 // 0, 0, 0, 75, 198, -46, 302, -408,
000000000000004700C8FFA00129FE68 // 0, 0, 0, 71, 200, -96, 297, -408,
000000000000004600CAFF61019BFE68 // 0, 0, 0, 70, 202, -159, 411, -408,
000000000000004100CCFF460190FE68 // 0, 0, 0, 65, 204, -186, 400, -408,
000000000000003F00CDFF370183FE68 // 0, 0, 0, 63, 205, -201, 387, -408,
000000000000003A00CFFF180175FE68 // 0, 0, 0, 58, 207, -232, 373, -408,
000000000000003700D0F82A0130FE68 // 0, 0, 0, 55, 208, -2006, 304, -408,
000000000000003100D2F8F400B600A1 // 0, 0, 0, 49, 210, -1804, 182, 161,
000000000000002F00D3FA46005100A1 // 0, 0, 0, 47, 211, -1466, 81, 161,
000000000000002A00D4FBA6000200A1 // 0, 0, 0, 42, 212, -1114, 2, 161,
000000000000002700D5FCD9FFC200A1 // 0, 0, 0, 39, 213, -807, -62, 161,
000000000000002300D6FD99FF9900A1 // 0, 0, 0, 35, 214, -615, -103, 161,
000000000000001E00D7FE1DFF7700A1 // 0, 0, 0, 30, 215, -483, -137, 161,
000000000000001A00D8FE6BFF5D00A1 // 0, 0, 0, 26, 216, -405, -163, 161,
000000000000001600D8FEA4FF4500A1 // 0, 0, 0, 22, 216, -348, -187, 161,
000000000000001300D9FED8FF3100A1 // 0, 0, 0, 19, 217, -296, -207, 161,
000000000000000F00D9FF07FF2000A1 // 0, 0, 0, 15, 217, -249, -224, 161,
000000000000000D00D9FF33FF1200A1 // 0, 0, 0, 13, 217, -205, -238, 161,
000000000000000A00DAFF5CFF0600A1 // 0, 0, 0, 10, 218, -164, -250, 161,
000000000000000800DAFF7EFEFD00A1 // 0, 0, 0, 8, 218, -130, -259, 161,
000000000000000700DAFF9AFEF600A1 // 0, 0, 0, 7, 218, -102, -266, 161,
000000000000000500DAFFAEFEF000A1 // 0, 0, 0, 5, 218, -82, -272, 161,
000000000000000500DAFFBFFEEC00A1 // 0, 0, 0, 5, 218, -65, -276, 161,
000000000000000400DBFFCDFEE800A1 // 0, 0, 0, 4, 219, -51, -280, 161,
000000000000000300DBFFD9FEE500A1 // 0, 0, 0, 3, 219, -39, -283, 161,
000000000000000300DBFFE1FEE300A1 // 0, 0, 0, 3, 219, -31, -285, 161,
000000000000000300DBFFEAFEE100A1 // 0, 0, 0, 3, 219, -22, -287, 161,
000000000000000300DBFFF0FEE000A1 // 0, 0, 0, 3, 219, -16, -288, 161,
000000000000000300DBFFF6FEDF00A1 // 0, 0, 0, 3, 219, -10, -289, 161,
000000000000000300DBFFFBFEDE00A1 // 0, 0, 0, 3, 219, -5, -290, 161,
000000000000000300DB0000FEDE00A1 // 0, 0, 0, 3, 219, 0, -290, 161,
000000000000000300DB0004FEDE00A1 // 0, 0, 0, 3, 219, 4, -290, 161,
000000000000000300DB0005FEDF00A1 // 0, 0, 0, 3, 219, 5, -289, 161,
000000000000000200DB0004FEDF00A1 // 0, 0, 0, 2, 219, 4, -289, 161,
000000000000000300DB0004FEDF00A1 // 0, 0, 0, 3, 219, 4, -289, 161,
000000000000000300DB0003FEDF00A1 // 0, 0, 0, 3, 219, 3, -289, 161,
000000000000000300DB0004FEDF00A1 // 0, 0, 0, 3, 219, 4, -289, 161,
000000000000000300DC0004FEDF00A1 // 0, 0, 0, 3, 220, 4, -289, 161,
000000000000000200DC0004FEDF00A1 // 0, 0, 0, 2, 220, 4, -289, 161,
000000000000000300DC0004FEE000A1 // 0, 0, 0, 3, 220, 4, -288, 161,
000000000000000300DC0004FEE000A1 // 0, 0, 0, 3, 220, 4, -288, 161,
000000000000000200DC0004FEE000A1 // 0, 0, 0, 2, 220, 4, -288, 161,
000000000000000200DC0003FEE000A1 // 0, 0, 0, 2, 220, 3, -288, 161,
000000000000000200DC0004FEE000A1 // 0, 0, 0, 2, 220, 4, -288, 161,
000000000000000200DC0004FEE000A1 // 0, 0, 0, 2, 220, 4, -288, 161,
000000000000000700DC0002FEE000A1 // 0, 0, 0, 7, 220, 2, -288, 161,
000000000000000D00DC0000FEE000A1 // 0, 0, 0, 13, 220, 0, -288, 161,
000000000000000C00DD0005FEE000A1 // 0, 0, 0, 12, 221, 5, -288, 161,
000000000000000A00DD000AFEE100A1 // 0, 0, 0, 10, 221, 10, -287, 161,
000000000000000900DD000DFEE100A1 // 0, 0, 0, 9, 221, 13, -287, 161,
000000000000000800DD000FFEE200A1 // 0, 0, 0, 8, 221, 15, -286, 161,
000000000000000A00DE000FFEE300A1 // 0, 0, 0, 10, 222, 15, -285, 161,
000000000000000B00DE0010FEE400A1 // 0, 0, 0, 11, 222, 16, -284, 161,
000000000000000D00DE0011FEE500A1 // 0, 0, 0, 13, 222, 17, -283, 161,
000000000000000E00DE0013FEE600A1 // 0, 0, 0, 14, 222, 19, -282, 161,
000000000000000F00DF0013FEE700A1 // 0, 0, 0, 15, 223, 19, -281, 161,
000000000000001000DF0013FEE800A1 // 0, 0, 0, 16, 223, 19, -280, 161,
000000000000001100E00012FEE900A1 // 0, 0, 0, 17, 224, 18, -279, 161,
000000000000001100E00011FEEA00A1 // 0, 0, 0, 17, 224, 17, -278, 161,
000000000000001300E10010FEEB00A1 // 0, 0, 0, 19, 225, 16, -277, 161,
000000000000001300E10011FEEB00A1 // 0, 0, 0, 19, 225, 17, -277, 161,
000000000000001400E20012FEEC00A1 // 0, 0, 0, 20, 226, 18, -276, 161,
000000000000001500E20013FEED00A1 // 0, 0, 0, 21, 226, 19, -275, 161,
000000000000001400E30015FEEF00A1 // 0, 0, 0, 20, 227, 21, -273, 161,
000000000000001500E30017FEF000A1 // 0, 0, 0, 21, 227, 23, -272, 161,
000000000000001300E40018FEF100A1 // 0, 0, 0, 19, 228, 24, -271, 161,
000000000000001200E40018FEF200A1 // 0, 0, 0, 18, 228, 24, -270, 161,
000000000000001100E50018FEF400A1 // 0, 0, 0, 17, 229, 24, -268, 161,
000000000000000F00E50018FEF500A1 // 0, 0, 0, 15, 229, 24, -267, 161,
000000000000000E00E50017FEF600A1 // 0, 0, 0, 14, 229, 23, -266, 161,
000000000000000C00E60016FEF800A1 // 0, 0, 0, 12, 230, 22, -264, 161,
000000000000000900E60015FEF900A1 // 0, 0, 0, 9, 230, 21, -263, 161,
000000000000000500E60014FEFA00A1 // 0, 0, 0, 5, 230, 20, -262, 161,
000000000000000100E60013FEFB00A1 // 0, 0, 0, 1, 230, 19, -261, 161,
000000000000FFFE00E60012FEFC00A1 // 0, 0, 0, -2, 230, 18, -260, 161,
000000000000FFFF00E60012FEFD00A1 // 0, 0, 0, -1, 230, 18, -259, 161,
000000000000FFFE00E60011FEFE00A1 // 0, 0, 0, -2, 230, 17, -258, 161,
000000000000FFFD00E60010FEFF00A1 // 0, 0, 0, -3, 230, 16, -257, 161,
000000000000FFFB00E6000FFF0000A1 // 0, 0, 0, -5, 230, 15, -256, 161,
000000000000FFF800E6000EFF0100A1 // 0, 0, 0, -8, 230, 14, -255, 161,
000000000000FFF300E5000EFF0200A1 // 0, 0, 0, -13, 229, 14, -254, 161,
000000000000FFEE00E5000FFF0200A1 // 0, 0, 0, -18, 229, 15, -254, 161,
000000000000FFE700E4000FFF0300A1 // 0, 0, 0, -25, 228, 15, -253, 161,
000000000000FFE000E4000FFF0400A1 // 0, 0, 0, -32, 228, 15, -252, 161,
000000000000FFD700E30010FF0500A1 // 0, 0, 0, -41, 227, 16, -251, 161,
000000000000FFCF00E10011FF0600A1 // 0, 0, 0, -49, 225, 17, -250, 161,
000000000000FFC600E00011FF0700A1 // 0, 0, 0, -58, 224, 17, -249, 161,
000000000000FFBD00DE0013FF0800A1 // 0, 0, 0, -67, 222, 19, -248, 161,
000000000000FFAE00DC0014FF0900A1 // 0, 0, 0, -82, 220, 20, -247, 161,
000000000000FFA300DA0016FF0A00A1 // 0, 0, 0, -93, 218, 22, -246, 161,
000000000000FF9700D80018FF0C00A1 // 0, 0, 0, -105, 216, 24, -244, 161,
000000000000FF8900D4001CFF0D00A1 // 0, 0, 0, -119, 212, 28, -243, 161,
000000000000FF7900D10021FF1000A1 // 0, 0, 0, -135, 209, 33, -240, 161,
000000000000FF6B00CE0025FF1100A1 // 0, 0, 0, -149, 206, 37, -239, 161,
000000000000FF5B00C90029FF1400A1 // 0, 0, 0, -165, 201, 41, -236, 161,
000000000000FF5000C5002CFF1600A1 // 0, 0, 0, -176, 197, 44, -234, 161,
000000000000FF4100C00030FF1900A1 // 0, 0, 0, -191, 192, 48, -231, 161,
000000000000FF3400BB0033FF1C00A1 // 0, 0, 0, -204, 187, 51, -228, 161,
000000000000FF2800B60035FF2000A1 // 0, 0, 0, -216, 182, 53, -224, 161,
000000000000FF1C00B00038FF2300A1 // 0, 0, 0, -228, 176, 56, -221, 161,
000000000000FF1700AA003CFF2700A1 // 0, 0, 0, -233, 170, 60, -217, 161,
000000000000FF1200A4003EFF2A00A1 // 0, 0, 0, -238, 164, 62, -214, 161,
000000000000FF0B009E0040FF2E00A1 // 0, 0, 0, -245, 158, 64, -210, 161,
000000000000FF0500970042FF3200A1 // 0, 0, 0, -251, 151, 66, -206, 161,
000000000000FEFA00900044FF3700A1 // 0, 0, 0, -262, 144, 68, -201, 161,
000000000000FEF100890046FF3B00A1 // 0, 0, 0, -271, 137, 70, -197, 161,
000000000000FEE400820049FF3F00A1 // 0, 0, 0, -284, 130, 73, -193, 161,
000000000000FED8007B004BFF4400A1 // 0, 0, 0, -296, 123, 75, -188, 161,
000000000000FECD0073004FFF4900A1 // 0, 0, 0, -307, 115, 79, -183, 161,
000000000000FEC3006B0056FF4E00A1 // 0, 0, 0, -317, 107, 86, -178, 161,
000000000000FEBF0062005CFF5400A1 // 0, 0, 0, -321, 98, 92, -172, 161,
000000000000FEBF005A005DFF5A00A1 // 0, 0, 0, -321, 90, 93, -166, 161,
000000000000FEBD0052005FFF5F00A1 // 0, 0, 0, -323, 82, 95, -161, 161,
000000000000FEBB00490063FF6600A1 // 0, 0, 0, -325, 73, 99, -154, 161,
000000000000FEB200410066FF6C00A1 // 0, 0, 0, -334, 65, 102, -148, 161,
000000000000FEA800380066FF7200A1 // 0, 0, 0, -344, 56, 102, -142, 161,
000000000000FEA8002F0067FF7800A1 // 0, 0, 0, -344, 47, 103, -136, 161,
000000000000FEA200260067FF7F00A1 // 0, 0, 0, -350, 38, 103, -129, 161,
000000000000FE9F001D006AFF8600A1 // 0, 0, 0, -353, 29, 106, -122, 161,
000000000000FEA200140068FF8C00A1 // 0, 0, 0, -350, 20, 104, -116, 161,
000000000000FEA6000B0064FF9200A1 // 0, 0, 0, -346, 11, 100, -110, 161,
000000000000FEA400020063FF9900A1 // 0, 0, 0, -348, 2, 99, -103, 161,
000000000000FEA1FFF90067FF9F00A1 // 0, 0, 0, -351, -7, 103, -97, 161,
000000000000FE9DFFF0006CFFA600A1 // 0, 0, 0, -355, -16, 108, -90, 161,
000000000000FE9AFFE60074FFAD00A1 // 0, 0, 0, -358, -26, 116, -83, 161,
000000000000FE9AFFDD0079FFB400A1 // 0, 0, 0, -358, -35, 121, -76, 161,
000000000000FE9BFFD4007BFFBC00A1 // 0, 0, 0, -357, -44, 123, -68, 161,
000000000000FEA1FFCA007EFFC400A1 // 0, 0, 0, -351, -54, 126, -60, 161,
000000000000FEA9FFC10081FFCC00A1 // 0, 0, 0, -343, -63, 129, -52, 161,
000000000000FEA8FFB90080FFD400A1 // 0, 0, 0, -344, -71, 128, -44, 161,
000000000000FEAAFFB0007BFFDB00A1 // 0, 0, 0, -342, -80, 123, -37, 161,
000000000000FEAAFFA70078FFE300A1 // 0, 0, 0, -342, -89, 120, -29, 161,
000000000000FEA9FF9D0075FFEB00A1 // 0, 0, 0, -343, -99, 117, -21, 161,
000000000000FEA9FF950073FFF200A1 // 0, 0, 0, -343, -107, 115, -14, 161,
000000000000FEAFFF8C006FFFF900A1 // 0, 0, 0, -337, -116, 111, -7, 161,
000000000000FEB7FF84006C000000A1 // 0, 0, 0, -329, -124, 108, 0, 161,
000000000000FEC3FF780066000A00A1 // 0, 0, 0, -317, -136, 102, 10, 161,
000000000000FEC5FF6C006B001200A1 // 0, 0, 0, -315, -148, 107, 18, 161,
000000000000FECAFF680072001600A1 // 0, 0, 0, -310, -152, 114, 22, 161,
000000000000FECBFF5E007F001F00A1 // 0, 0, 0, -309, -162, 127, 31, 161,
000000000000FECBFF590083002400A1 // 0, 0, 0, -309, -167, 131, 36, 161,
000000000000FECAFF4F008D002E00A1 // 0, 0, 0, -310, -177, 141, 46, 161,
000000000000FECCFF4B0092003400A1 // 0, 0, 0, -308, -181, 146, 52, 161,
000000000000FED4FF420097003D00A1 // 0, 0, 0, -300, -190, 151, 61, 161,
000000000000FEDBFF3B009E004700A1 // 0, 0, 0, -293, -197, 158, 71, 161,
000000000000FEE4FF3300A2005100A1 // 0, 0, 0, -284, -205, 162, 81, 161,
000000000000FEEBFF2C00A6005B00A1 // 0, 0, 0, -277, -212, 166, 91, 161,
000000000000FEE6FF2500A8006600A1 // 0, 0, 0, -282, -219, 168, 102, 161,
000000000000FEE5FF1D00AD007100A1 // 0, 0, 0, -283, -227, 173, 113, 161,
000000000000FEE1FF1600B3007C00A1 // 0, 0, 0, -287, -234, 179, 124, 161,
000000000000FEDFFF0F00B4008700A1 // 0, 0, 0, -289, -241, 180, 135, 161,
000000000000FEDFFF0800B3009200A1 // 0, 0, 0, -289, -248, 179, 146, 161,
000000000000FEE6FF0000B2009D00A1 // 0, 0, 0, -282, -256, 178, 157, 161,
000000000000FEE9FEF900B100A800A1 // 0, 0, 0, -279, -263, 177, 168, 161,
000000000000FEEBFEF200B200B300A1 // 0, 0, 0, -277, -270, 178, 179, 161,
000000000000FEEDFEEA00B900BE00A1 // 0, 0, 0, -275, -278, 185, 190, 161,
000000000000FEEBFEE300C700CA00A1 // 0, 0, 0, -277, -285, 199, 202, 161,
000000000000FEE7FEDC00D500D700A1 // 0, 0, 0, -281, -292, 213, 215, 161,
000000000000FEE6FED500DD00E500A1 // 0, 0, 0, -282, -299, 221, 229, 161,
000000000000FEE8FECE00E500F300A1 // 0, 0, 0, -280, -306, 229, 243, 161,
000000000000FEE4FEC600ED010200A1 // 0, 0, 0, -284, -314, 237, 258, 161,
000000000000FEE0FEBF00F4011200A1 // 0, 0, 0, -288, -321, 244, 274, 161,
000000000000FEE2FEB700F6012100A1 // 0, 0, 0, -286, -329, 246, 289, 161,
000000000000FEE4FEB000F5013000A1 // 0, 0, 0, -284, -336, 245, 304, 161,
000000000000FEEAFEA900F1013F00A1 // 0, 0, 0, -278, -343, 241, 319, 161,
000000000000FEEDFEA100EE014F00A1 // 0, 0, 0, -275, -351, 238, 335, 161,
000000000000FEEDFE9A00E8015D00A1 // 0, 0, 0, -275, -358, 232, 349, 161,
000000000000FEE9FE9300E1016C00A1 // 0, 0, 0, -279, -365, 225, 364, 161,
000000000000FEE6FE8C00DB017A00A1 // 0, 0, 0, -282, -372, 219, 378, 161,
000000000000FEE1FE8400D8018700A1 // 0, 0, 0, -287, -380, 216, 391, 161,
000000000000FEDFFE7D00D5019500A1 // 0, 0, 0, -289, -387, 213, 405, 161,
000000000000FEE0FE7500D801A300A1 // 0, 0, 0, -288, -395, 216, 419, 161,
000000000000FEE1FE6E00DB01B000A1 // 0, 0, 0, -287, -402, 219, 432, 161,
000000000000FEE4FE6600DB01BE00A1 // 0, 0, 0, -284, -410, 219, 446, 161,
000000000000FEE8FE5F00D501CB00A1 // 0, 0, 0, -280, -417, 213, 459, 161,
000000000000FEE8FE5800CF01D900A1 // 0, 0, 0, -280, -424, 207, 473, 161,
000000000000FEE8FE5100C801E500A1 // 0, 0, 0, -280, -431, 200, 485, 161,
000000000000FEE6FE4700BC01F600A1 // 0, 0, 0, -282, -441, 188, 502, 161,
000000000000FEE6FE4200AE01FD00A1 // 0, 0, 0, -282, -446, 174, 509, 161,
000000000000FEE7FE3B009C020700A1 // 0, 0, 0, -281, -453, 156, 519, 161,
000000000000FEE7FE34008B021000A1 // 0, 0, 0, -281, -460, 139, 528, 161,
000000000000FEEAFE2C0072021800A1 // 0, 0, 0, -278, -468, 114, 536, 161,
000000000000FEF0FE250056021E00A1 // 0, 0, 0, -272, -475, 86, 542, 161,
000000000000FEFCFE1E003A022300A1 // 0, 0, 0, -260, -482, 58, 547, 161,
000000000000FF0BFE180021022500A1 // 0, 0, 0, -245, -488, 33, 549, 161,
000000000000FF16FE12000A022700A1 // 0, 0, 0, -234, -494, 10, 551, 161,
000000000000FF24FE0CFFF8022700A1 // 0, 0, 0, -220, -500, -8, 551, 161,
000000000000FF30FE06FFB10292FE68 // 0, 0, 0, -208, -506, -79, 658, -408,
000000000000FF3FFE01FF7D0286FE68 // 0, 0, 0, -193, -511, -131, 646, -408,
000000000000FF55FDFCFF4B0276FE68 // 0, 0, 0, -171, -516, -181, 630, -408,
000000000000FF6AFDF8FF1D0262FE68 // 0, 0, 0, -150, -520, -227, 610, -408,
000000000000FF82FDF5FEF5024BFE68 // 0, 0, 0, -126, -523, -267, 587, -408,
000000000000FFA0FDF2FED20230FE68 // 0, 0, 0, -96, -526, -302, 560, -408,
000000000000FFC3FDF0FEB00214FE68 // 0, 0, 0, -61, -528, -336, 532, -408,
000000000000FFE6FDEFFE9001F5FE68 // 0, 0, 0, -26, -529, -368, 501, -408,
000000000000000AFDEFFE7001D4FE68 // 0, 0, 0, 10, -529, -400, 468, -408,
0000000000000029FDF0FE5601B1FE68 // 0, 0, 0, 41, -528, -426, 433, -408,
000000000000004BFDF1FE44018DFE68 // 0, 0, 0, 75, -527, -444, 397, -408,
0000000000000072FDF4FE3B0168FE68 // 0, 0, 0, 114, -524, -453, 360, -408,
000000000000009DFDF7FE340145FE68 // 0, 0, 0, 157, -521, -460, 325, -408,
00000000000000C8FDFCFE23011EFE68 // 0, 0, 0, 200, -516, -477, 286, -408,
00000000000000F6FE02FE1F00F9FE68 // 0, 0, 0, 246, -510, -481, 249, -408,
0000000000000127FE09FE1900D3FE68 // 0, 0, 0, 295, -503, -487, 211, -408,
000000000000014FFE11FE1A00ADFE68 // 0, 0, 0, 335, -495, -486, 173, -408,
0000000000000173FE1BFE250089FE68 // 0, 0, 0, 371, -485, -475, 137, -408,
000000000000019CFE25FE3A0066FE68 // 0, 0, 0, 412, -475, -454, 102, -408,
00000000000001C2FE30FE440045FE68 // 0, 0, 0, 450, -464, -444, 69, -408,
00000000000001DCFE3CFE570024FE68 // 0, 0, 0, 476, -452, -425, 36, -408,
00000000000001F6FE49FE610005FE68 // 0, 0, 0, 502, -439, -415, 5, -408,
000000000000020EFE57FE77FFEAFE68 // 0, 0, 0, 526, -425, -393, -22, -408,
000000000000021AFE64FE7FFFCAFE68 // 0, 0, 0, 538, -412, -385, -54, -408,
0000000000000229FE73FE7FFFB1FE68 // 0, 0, 0, 553, -397, -385, -79, -408,
0000000000000234FE81FE8BFF96FE68 // 0, 0, 0, 564, -383, -373, -106, -408,
0000000000000242FE90FE9BFF7CFE68 // 0, 0, 0, 578, -368, -357, -132, -408,
0000000000000245FE9FFEABFF63FE68 // 0, 0, 0, 581, -353, -341, -157, -408,
000000000000024CFEAEFEB4FF4BFE68 // 0, 0, 0, 588, -338, -332, -181, -408,
000000000000024AFEBDFEB9FF34FE68 // 0, 0, 0, 586, -323, -327, -204, -408,
0000000000000251FECDFED7FF1EFE68 // 0, 0, 0, 593, -307, -297, -226, -408,
0000000000000251FEDCFEE4FF0AFE68 // 0, 0, 0, 593, -292, -284, -246, -408,
000000000000024FFEEBFEF8FEF6FE68 // 0, 0, 0, 591, -277, -264, -266, -408,
000000000000024AFEFAFF08FEE4FE68 // 0, 0, 0, 586, -262, -248, -284, -408,
0000000000000246FF0AFF1FFED4FE68 // 0, 0, 0, 582, -246, -225, -300, -408,
0000000000000241FF19FF38FEC5FE68 // 0, 0, 0, 577, -231, -200, -315, -408,
000000000000023CFF27FF49FEB8FE68 // 0, 0, 0, 572, -217, -183, -328, -408,
000000000000022EFF36FF67FEACFE68 // 0, 0, 0, 558, -202, -153, -340, -408,
0000000000000226FF44FF87FEA3FE68 // 0, 0, 0, 550, -188, -121, -349, -408,
0000000000000221FF53FFA3FE9BFE68 // 0, 0, 0, 545, -173, -93, -357, -408,
0000000000000216FF60FFB9FE95FE68 // 0, 0, 0, 534, -160, -71, -363, -408,
000000000000020DFF6EFFD7FE91FE68 // 0, 0, 0, 525, -146, -41, -367, -408,
0000000000000202FF7CFFFBFE8FFE68 // 0, 0, 0, 514, -132, -5, -369, -408,
00000000000001F5FF890011FE8FFE68 // 0, 0, 0, 501, -119, 17, -369, -408,
00000000000001E9FF950021FE8FFE68 // 0, 0, 0, 489, -107, 33, -369, -408,
00000000000001E1FFA2003AFE92FE68 // 0, 0, 0, 481, -94, 58, -366, -408,
00000000000001D1FFAE0058FE96FE68 // 0, 0, 0, 465, -82, 88, -362, -408,
00000000000001C6FFBA006FFE9CFE68 // 0, 0, 0, 454, -70, 111, -356, -408,
00000000000001B6FFC6007CFEA3FE68 // 0, 0, 0, 438, -58, 124, -349, -408,
00000000000001AAFFD1009AFEABFE68 // 0, 0, 0, 426, -47, 154, -341, -408,
00000000000001A0FFDC00B3FEB5FE68 // 0, 0, 0, 416, -36, 179, -331, -408,
0000000000000196FFE600BCFEC0FE68 // 0, 0, 0, 406, -26, 188, -320, -408,
000000000000018DFFF000D0FECCFE68 // 0, 0, 0, 397, -16, 208, -308, -408,
0000000000000180FFFA00DDFEDAFE68 // 0, 0, 0, 384, -6, 221, -294, -408,
000000000000016F000400EFFEE7FE68 // 0, 0, 0, 367, 4, 239, -281, -408,
0000000000000162000D0102FEF7FE68 // 0, 0, 0, 354, 13, 258, -265, -408,
00000000000001570016010FFF07FE68 // 0, 0, 0, 343, 22, 271, -249, -408,
000000000000014D001F0119FF18FE68 // 0, 0, 0, 333, 31, 281, -232, -408,
00000000000001430027011FFF29FE68 // 0, 0, 0, 323, 39, 287, -215, -408,
0000000000000137002F0127FF3BFE68 // 0, 0, 0, 311, 47, 295, -197, -408,
000000000000012D00370139FF4DFE68 // 0, 0, 0, 301, 55, 313, -179, -408,
0000000000000123003F0145FF61FE68 // 0, 0, 0, 291, 63, 325, -159, -408,
000000000000011600460150FF75FE68 // 0, 0, 0, 278, 70, 336, -139, -408,
000000000000010A004D0159FF8AFE68 // 0, 0, 0, 266, 77, 345, -118, -408,
00000000000000FC0054016BFFA0FE68 // 0, 0, 0, 252, 84, 363, -96, -408,
00000000000000F3005B017DFFB7FE68 // 0, 0, 0, 243, 91, 381, -73, -408,
00000000000000EB00610182FFCFFE68 // 0, 0, 0, 235, 97, 386, -49, -408,
00000000000000E400670182FFE7FE68 // 0, 0, 0, 228, 103, 386, -25, -408,
00000000000000DA006C017DFFFEFE68 // 0, 0, 0, 218, 108, 381, -2, -408,
00000000000000D5007201760016FE68 // 0, 0, 0, 213, 114, 374, 22, -408,
00000000000000CD0077016C002CFE68 // 0, 0, 0, 205, 119, 364, 44, -408,
00000000000000C6007D01650043FE68 // 0, 0, 0, 198, 125, 357, 67, -408,
00000000000000BF0082015B0058FE68 // 0, 0, 0, 191, 130, 347, 88, -408,
00000000000000B700860150006DFE68 // 0, 0, 0, 183, 134, 336, 109, -408,
00000000000000AE008B01470082FE68 // 0, 0, 0, 174, 139, 327, 130, -408,
00000000000000A6008F01360096FE68 // 0, 0, 0, 166, 143, 310, 150, -408,
000000000000009C0094013000A8FE68 // 0, 0, 0, 156, 148, 304, 168, -408,
00000000000000920097012700BBFE68 // 0, 0, 0, 146, 151, 295, 187, -408,
0000000000000088009B010A00CCFE68 // 0, 0, 0, 136, 155, 266, 204, -408,
0000000000000083009F010100DCFE68 // 0, 0, 0, 131, 159, 257, 220, -408,
000000000000007F00A200F000EBFE68 // 0, 0, 0, 127, 162, 240, 235, -408,
000000000000007A00A500DA00F9FE68 // 0, 0, 0, 122, 165, 218, 249, -408,
000000000000007700A800C10105FE68 // 0, 0, 0, 119, 168, 193, 261, -408,
000000000000007500AB00B20111FE68 // 0, 0, 0, 117, 171, 178, 273, -408,
000000000000007000AE00A4011CFE68 // 0, 0, 0, 112, 174, 164, 284, -408,
000000000000006E00B100800124FE68 // 0, 0, 0, 110, 177, 128, 292, -408,
000000000000006A00B40073012CFE68 // 0, 0, 0, 106, 180, 115, 300, -408,
000000000000006700B7005F0133FE68 // 0, 0, 0, 103, 183, 95, 307, -408,
000000000000006300B900420137FE68 // 0, 0, 0, 99, 185, 66, 311, -408,
000000000000005F00BC0036013BFE68 // 0, 0, 0, 95, 188, 54, 315, -408,
000000000000005900BE0011013CFE68 // 0, 0, 0, 89, 190, 17, 316, -408,
000000000000005300C1FFF8010BFE68 // 0, 0, 0, 83, 193, -8, 267, -408,
000000000000005200C3FFE0013CFE68 // 0, 0, 0, 82, 195, -32, 316, -408,
000000000000004D00C5FFD10139FE68 // 0, 0, 0, 77, 197, -47, 313, -408,
000000000000004C00C7FF9C01B4FE68 // 0, 0, 0, 76, 199, -100, 436, -408,
000000000000004700C8FF7401ACFE68 // 0, 0, 0, 71, 200, -140, 428, -408,
000000000000004500CAFF5601A2FE68 // 0, 0, 0, 69, 202, -170, 418, -408,
000000000000004000CCFF330196FE68 // 0, 0, 0, 64, 204, -205, 406, -408,
000000000000003F00CEF84B0153FE68 // 0, 0, 0, 63, 206, -1973, 339, -408,
000000000000003900CFF91700DB00A1 // 0, 0, 0, 57, 207, -1769, 219, 161,
000000000000003700D1FA73007800A1 // 0, 0, 0, 55, 209, -1421, 120, 161,
000000000000003200D2FBC0002B00A1 // 0, 0, 0, 50, 210, -1088, 43, 161,
